================================================================================
Calculations for simulated dataset: hand-crafted/aquardoAndGreenberg_fig1_0123_L_139500000.csv
[3 1 0 0 0 0 0 0 0 0 0 0 0 0 0 0 3 0 0 3 0 0 0 0 0 0 1 0 0 0 0 0 0 0 0 0 0
 0 0 1 0 0 0 0 0] 1
[0 0 0 0 3 1 1 0 1 0 3 0 0 0 0 0 3 3 1 3 0 1 0 0 3 1 0 0 0 0 0 0 0 1 0 3 1
 2 3 1 3 0 3 0 3] 1
[0 0 0 0 0 0 0 0 0 0 0 0 0 0 0 0 0 0 0 0 0 0 0 0 0 0 0 0 0 0 3 0 0 0 0 0 0
 0 0 0 0 0 0 0 0] 1
[0 0 3 0 3 0 0 0 3 3 0 3 3 3 0 0 0 0 0 0 1 0 3 0 0 1 0 3 1 1 3 0 0 0 0 3 1
 0 3 0 0 1 0 0 0] 1
[0 0 0 0 0 0 0 0 0 0 0 0 3 0 0 1 0 0 0 0 0 0 0 0 0 1 0 0 0 0 0 0 0 0 1 0 0
 0 0 0 0 0 0 0 0] 1
[0 0 0 0 0 0 0 1 0 0 0 0 3 0 3 0 0 0 0 0 0 0 0 1 0 0 0 0 0 0 0 1 3 0 0 0 0
 0 0 0 0 0 0 3 0] 1
[0 0 0 3 0 0 0 0 0 0 0 0 0 0 0 0 3 0 0 3 0 0 0 0 0 0 0 0 0 0 0 0 0 0 0 0 0
 0 0 0 0 0 0 0 0] 1
Basic statistics:
 Individuals:             7
 Haplotypes:              7
 Segregating sites:       45
 Incompatible site-pairs: 31 (3%)

 Excess mutation-statistics:
  1 non-0-type-columns count: 44
  2 non-0-type-columns count: 1
  3 non-0-type-columns count: 0

  1 non-0-type columns: [0, 1, 2, 3, 4, 5, 6, 7, 9, 10, 11, 12, 13, 14, 15, 16, 17, 18, 19, 20, 21, 22, 23, 24, 25, 26, 27, 28, 29, 30, 31, 32, 33, 34, 35, 36, 37, 38, 39, 40, 41, 42, 43, 44]
  2 non-0-type columns: [8]
  3 non-0-type columns: []

Incompatibility-table:
    0  1  2  3  4  5  6  7  8  9  10 11 12 13 14 15 16 17 18 19 20 21 22 23 24 25 26 27 28 29 30 31 32 33 34 35 36 37 38 39 40 41 42 43 44
 0:                                                                                                                                      
 1:                                                                                                                                      
 2:                                                                                                                                      
 3:                                                                                                                                      
 4:                                     x           x        x                                x                          x               
 5:                                                                                                                                      
 6:                                                                                                                                      
 7:                                                                                                                                      
 8:                                     x           x        x                                x                          x               
 9:                                                                                                                                      
10:                                                                                                                                      
11:                                                                                                                                      
12:                                                                            x              x              x  x     x                  
13:                                                                                                                                      
14:                                                                                                                                      
15:                                                                                                                                      
16:                                                                            x                             x  x     x                  
17:                                                                                                                                      
