-1.000000000000000000e+00 , -1.000000000000000000e+00 , -1.000000000000000000e+00 , -1.000000000000000000e+00 , -1.000000000000000000e+00 , -1.000000000000000000e+00 , -1.000000000000000000e+00 , -1.000000000000000000e+00 , -1.000000000000000000e+00 , -1.000000000000000000e+00 , -1.000000000000000000e+00 , -1.000000000000000000e+00 , -1.000000000000000000e+00 , -1.000000000000000000e+00 , -1.000000000000000000e+00 , -1.000000000000000000e+00 , -1.000000000000000000e+00 , -1.000000000000000000e+00 , -1.000000000000000000e+00 , -1.000000000000000000e+00 , -1.000000000000000000e+00
0.000000000000000000e+00 , 0.000000000000000000e+00 , 0.000000000000000000e+00 , 0.000000000000000000e+00 , 0.000000000000000000e+00 , 0.000000000000000000e+00 , 0.000000000000000000e+00 , 0.000000000000000000e+00 , 0.000000000000000000e+00 , 0.000000000000000000e+00 , 0.000000000000000000e+00 , 0.000000000000000000e+00 , 0.000000000000000000e+00 , 0.000000000000000000e+00 , 0.000000000000000000e+00 , 0.000000000000000000e+00 , 0.000000000000000000e+00 , 0.000000000000000000e+00 , 0.000000000000000000e+00 , 0.000000000000000000e+00 , 0.000000000000000000e+00
0.000000000000000000e+00 , 9.000000000000000000e+00 , 1.179630000000000000e+06 , 1.158722550000000000e+09 , 1.499768546400000000e+11 , 6.104971783080000000e+12 , 1.134372593390400000e+14 , 1.166119633092960000e+15 , 7.408556275760640000e+15 , 3.112037133581376000e+16 , 9.008498667168000000e+16 , 1.839585208196736000e+17 , 2.673791318854656000e+17 , 2.751820248393216000e+17 , 1.960726947379200000e+17 , 9.203412201984000000e+16 , 2.560949482291200000e+16 , 3.201186852864000000e+15 , 0.000000000000000000e+00 , 0.000000000000000000e+00 , 0.000000000000000000e+00
0.000000000000000000e+00 , 4.740000000000000000e+02 , 2.939233200000000000e+07 , 1.908913906800000000e+10 , 1.832102850528000000e+12 , 5.836871371224000000e+13 , 8.729733510950400000e+14 , 7.328224556155440000e+15 , 3.824076039045696000e+16 , 1.318435800020640000e+17 , 3.111325590167424000e+17 , 5.110010033502528000e+17 , 5.841266441472000000e+17 , 4.560592943402496000e+17 , 2.320367039198208000e+17 , 6.936885603648000000e+16 , 9.247873130496000000e+15 , 0.000000000000000000e+00 , 0.000000000000000000e+00 , 0.000000000000000000e+00 , 0.000000000000000000e+00
0.000000000000000000e+00 , 8.109000000000000000e+03 , 2.452778300000000000e+08 , 1.050503499480000000e+11 , 7.444387744824000000e+12 , 1.845195318856800000e+14 , 2.204240053865760000e+15 , 1.496370348325776000e+16 , 6.335423047275840000e+16 , 1.764867360528115200e+17 , 3.325951545505344000e+17 , 4.271112460425888000e+17 , 3.685844410351488000e+17 , 2.046433824699264000e+17 , 6.607948834206720000e+16 , 9.435306456576000000e+15 , 0.000000000000000000e+00 , 0.000000000000000000e+00 , 0.000000000000000000e+00 , 0.000000000000000000e+00 , 0.000000000000000000e+00
0.000000000000000000e+00 , 6.591000000000000000e+04 , 9.773871760000000000e+08 , 2.758891642530000000e+11 , 1.437949240448400000e+13 , 2.754887485112400000e+14 , 2.604994424960040000e+15 , 1.413354484439142000e+16 , 4.781077166134080000e+16 , 1.054415601656827200e+17 , 1.542958253101440000e+17 , 1.487388728193984000e+17 , 9.084616679698560000e+16 , 3.188236102571520000e+16 , 4.899964829760000000e+15 , 0.000000000000000000e+00 , 0.000000000000000000e+00 , 0.000000000000000000e+00 , 0.000000000000000000e+00 , 0.000000000000000000e+00 , 0.000000000000000000e+00
0.000000000000000000e+00 , 2.983470000000000000e+05 , 2.185302810000000000e+09 , 4.066513649010000000e+11 , 1.552303727210000000e+13 , 2.281137081112800000e+14 , 1.688817646988232000e+15 , 7.215452821480008000e+15 , 1.911596883833683200e+16 , 3.246267547731700800e+16 , 3.542127287595120000e+16 , 2.403465059750832000e+16 , 9.236580404325120000e+15 , 1.536865732321920000e+15 , 0.000000000000000000e+00 , 0.000000000000000000e+00 , 0.000000000000000000e+00 , 0.000000000000000000e+00 , 0.000000000000000000e+00 , 0.000000000000000000e+00 , 0.000000000000000000e+00
0.000000000000000000e+00 , 8.282880000000000000e+05 , 3.018068644000000000e+09 , 3.702418439430000000e+11 , 1.029498340402000000e+13 , 1.149197308100650000e+14 , 6.568308332378460000e+14 , 2.167235196771561000e+15 , 4.375224347263560000e+15 , 5.495421120830424000e+15 , 4.193362886035680000e+15 , 1.780791135464880000e+15 , 3.230213591404800000e+14 , 0.000000000000000000e+00 , 0.000000000000000000e+00 , 0.000000000000000000e+00 , 0.000000000000000000e+00 , 0.000000000000000000e+00 , 0.000000000000000000e+00 , 0.000000000000000000e+00 , 0.000000000000000000e+00
0.000000000000000000e+00 , 1.505449000000000000e+06 , 2.747482178000000000e+09 , 2.219144956740000000e+11 , 4.460485367080000000e+12 , 3.733444751491000000e+13 , 1.616587632337200000e+14 , 4.009535095267660000e+14 , 5.926134679856000000e+14 , 5.164238608147080000e+14 , 2.450637466794000000e+14 , 4.886547796548000000e+13 , 0.000000000000000000e+00 , 0.000000000000000000e+00 , 0.000000000000000000e+00 , 0.000000000000000000e+00 , 0.000000000000000000e+00 , 0.000000000000000000e+00 , 0.000000000000000000e+00 , 0.000000000000000000e+00 , 0.000000000000000000e+00
0.000000000000000000e+00 , 1.879873000000000000e+06 , 1.727435300000000000e+09 , 9.153312797400000000e+10 , 1.315218397702000000e+12 , 8.107403031890000000e+12 , 2.589915195772800000e+13 , 4.640529944117900000e+13 , 4.711125707701200000e+13 , 2.533204385425800000e+13 , 5.608927818780000000e+12 , 0.000000000000000000e+00 , 0.000000000000000000e+00 , 0.000000000000000000e+00 , 0.000000000000000000e+00 , 0.000000000000000000e+00 , 0.000000000000000000e+00 , 0.000000000000000000e+00 , 0.000000000000000000e+00 , 0.000000000000000000e+00 , 0.000000000000000000e+00
0.000000000000000000e+00 , 1.672260000000000000e+06 , 7.760888560000000000e+08 , 2.678587554100000000e+10 , 2.706927087200000000e+11 , 1.197679816845000000e+12 , 2.713792133012000000e+12 , 3.296358456384000000e+12 , 2.044549225112000000e+12 , 5.089855667500000000e+11 , 0.000000000000000000e+00 , 0.000000000000000000e+00 , 0.000000000000000000e+00 , 0.000000000000000000e+00 , 0.000000000000000000e+00 , 0.000000000000000000e+00 , 0.000000000000000000e+00 , 0.000000000000000000e+00 , 0.000000000000000000e+00 , 0.000000000000000000e+00 , 0.000000000000000000e+00
0.000000000000000000e+00 , 1.088846000000000000e+06 , 2.552303240000000000e+08 , 5.667409896000000000e+09 , 3.931973187300000000e+10 , 1.201368544350000000e+11 , 1.812503442420000000e+11 , 1.327733302280000000e+11 , 3.775420905300000000e+10 , 0.000000000000000000e+00 , 0.000000000000000000e+00 , 0.000000000000000000e+00 , 0.000000000000000000e+00 , 0.000000000000000000e+00 , 0.000000000000000000e+00 , 0.000000000000000000e+00 , 0.000000000000000000e+00 , 0.000000000000000000e+00 , 0.000000000000000000e+00 , 0.000000000000000000e+00 , 0.000000000000000000e+00
0.000000000000000000e+00 , 5.288320000000000000e+05 , 6.239119400000000000e+07 , 8.734924290000000000e+08 , 4.008747240000000000e+09 , 7.944912435000000000e+09 , 7.102068048000000000e+09 , 2.354694672000000000e+09 , 0.000000000000000000e+00 , 0.000000000000000000e+00 , 0.000000000000000000e+00 , 0.000000000000000000e+00 , 0.000000000000000000e+00 , 0.000000000000000000e+00 , 0.000000000000000000e+00 , 0.000000000000000000e+00 , 0.000000000000000000e+00 , 0.000000000000000000e+00 , 0.000000000000000000e+00 , 0.000000000000000000e+00 , 0.000000000000000000e+00
0.000000000000000000e+00 , 1.938770000000000000e+05 , 1.141014200000000000e+07 , 9.743460700000000000e+07 , 2.782429680000000000e+08 , 3.184977300000000000e+08 , 1.266348720000000000e+08 , 0.000000000000000000e+00 , 0.000000000000000000e+00 , 0.000000000000000000e+00 , 0.000000000000000000e+00 , 0.000000000000000000e+00 , 0.000000000000000000e+00 , 0.000000000000000000e+00 , 0.000000000000000000e+00 , 0.000000000000000000e+00 , 0.000000000000000000e+00 , 0.000000000000000000e+00 , 0.000000000000000000e+00 , 0.000000000000000000e+00 , 0.000000000000000000e+00
0.000000000000000000e+00 , 5.390900000000000000e+04 , 1.554072000000000000e+06 , 7.645254000000000000e+06 , 1.211338800000000000e+07 , 6.015282000000000000e+06 , 0.000000000000000000e+00 , 0.000000000000000000e+00 , 0.000000000000000000e+00 , 0.000000000000000000e+00 , 0.000000000000000000e+00 , 0.000000000000000000e+00 , 0.000000000000000000e+00 , 0.000000000000000000e+00 , 0.000000000000000000e+00 , 0.000000000000000000e+00 , 0.000000000000000000e+00 , 0.000000000000000000e+00 , 0.000000000000000000e+00 , 0.000000000000000000e+00 , 0.000000000000000000e+00
0.000000000000000000e+00 , 1.135200000000000000e+04 , 1.542360000000000000e+05 , 3.914190000000000000e+05 , 2.588250000000000000e+05 , 0.000000000000000000e+00 , 0.000000000000000000e+00 , 0.000000000000000000e+00 , 0.000000000000000000e+00 , 0.000000000000000000e+00 , 0.000000000000000000e+00 , 0.000000000000000000e+00 , 0.000000000000000000e+00 , 0.000000000000000000e+00 , 0.000000000000000000e+00 , 0.000000000000000000e+00 , 0.000000000000000000e+00 , 0.000000000000000000e+00 , 0.000000000000000000e+00 , 0.000000000000000000e+00 , 0.000000000000000000e+00
0.000000000000000000e+00 , 1.791000000000000000e+03 , 1.051200000000000000e+04 , 1.040000000000000000e+04 , 0.000000000000000000e+00 , 0.000000000000000000e+00 , 0.000000000000000000e+00 , 0.000000000000000000e+00 , 0.000000000000000000e+00 , 0.000000000000000000e+00 , 0.000000000000000000e+00 , 0.000000000000000000e+00 , 0.000000000000000000e+00 , 0.000000000000000000e+00 , 0.000000000000000000e+00 , 0.000000000000000000e+00 , 0.000000000000000000e+00 , 0.000000000000000000e+00 , 0.000000000000000000e+00 , 0.000000000000000000e+00 , 0.000000000000000000e+00
0.000000000000000000e+00 , 2.080000000000000000e+02 , 4.080000000000000000e+02 , 0.000000000000000000e+00 , 0.000000000000000000e+00 , 0.000000000000000000e+00 , 0.000000000000000000e+00 , 0.000000000000000000e+00 , 0.000000000000000000e+00 , 0.000000000000000000e+00 , 0.000000000000000000e+00 , 0.000000000000000000e+00 , 0.000000000000000000e+00 , 0.000000000000000000e+00 , 0.000000000000000000e+00 , 0.000000000000000000e+00 , 0.000000000000000000e+00 , 0.000000000000000000e+00 , 0.000000000000000000e+00 , 0.000000000000000000e+00 , 0.000000000000000000e+00
0.000000000000000000e+00 , 1.700000000000000000e+01 , 0.000000000000000000e+00 , 0.000000000000000000e+00 , 0.000000000000000000e+00 , 0.000000000000000000e+00 , 0.000000000000000000e+00 , 0.000000000000000000e+00 , 0.000000000000000000e+00 , 0.000000000000000000e+00 , 0.000000000000000000e+00 , 0.000000000000000000e+00 , 0.000000000000000000e+00 , 0.000000000000000000e+00 , 0.000000000000000000e+00 , 0.000000000000000000e+00 , 0.000000000000000000e+00 , 0.000000000000000000e+00 , 0.000000000000000000e+00 , 0.000000000000000000e+00 , 0.000000000000000000e+00
1.000000000000000000e+00 , 0.000000000000000000e+00 , 0.000000000000000000e+00 , 0.000000000000000000e+00 , 0.000000000000000000e+00 , 0.000000000000000000e+00 , 0.000000000000000000e+00 , 0.000000000000000000e+00 , 0.000000000000000000e+00 , 0.000000000000000000e+00 , 0.000000000000000000e+00 , 0.000000000000000000e+00 , 0.000000000000000000e+00 , 0.000000000000000000e+00 , 0.000000000000000000e+00 , 0.000000000000000000e+00 , 0.000000000000000000e+00 , 0.000000000000000000e+00 , 0.000000000000000000e+00 , 0.000000000000000000e+00 , 0.000000000000000000e+00
0.000000000000000000e+00 , 0.000000000000000000e+00 , 0.000000000000000000e+00 , 0.000000000000000000e+00 , 0.000000000000000000e+00 , 0.000000000000000000e+00 , 0.000000000000000000e+00 , 0.000000000000000000e+00 , 0.000000000000000000e+00 , 0.000000000000000000e+00 , 0.000000000000000000e+00 , 0.000000000000000000e+00 , 0.000000000000000000e+00 , 0.000000000000000000e+00 , 0.000000000000000000e+00 , 0.000000000000000000e+00 , 0.000000000000000000e+00 , 0.000000000000000000e+00 , 0.000000000000000000e+00 , 0.000000000000000000e+00 , 0.000000000000000000e+00
