-1.000000000000000000e+00 , -1.000000000000000000e+00 , -1.000000000000000000e+00 , -1.000000000000000000e+00 , -1.000000000000000000e+00 , -1.000000000000000000e+00 , -1.000000000000000000e+00 , -1.000000000000000000e+00 , -1.000000000000000000e+00 , -1.000000000000000000e+00 , -1.000000000000000000e+00 , -1.000000000000000000e+00 , -1.000000000000000000e+00 , -1.000000000000000000e+00 , -1.000000000000000000e+00 , -1.000000000000000000e+00 , -1.000000000000000000e+00 , -1.000000000000000000e+00 , -1.000000000000000000e+00 , -1.000000000000000000e+00 , -1.000000000000000000e+00
0.000000000000000000e+00 , 0.000000000000000000e+00 , 0.000000000000000000e+00 , 0.000000000000000000e+00 , 0.000000000000000000e+00 , 0.000000000000000000e+00 , 0.000000000000000000e+00 , 0.000000000000000000e+00 , 0.000000000000000000e+00 , 0.000000000000000000e+00 , 0.000000000000000000e+00 , 0.000000000000000000e+00 , 0.000000000000000000e+00 , 0.000000000000000000e+00 , 0.000000000000000000e+00 , 0.000000000000000000e+00 , 0.000000000000000000e+00 , 0.000000000000000000e+00 , 0.000000000000000000e+00 , 0.000000000000000000e+00 , 0.000000000000000000e+00
0.000000000000000000e+00 , 1.000000000000000000e+00 , 2.621420000000000000e+05 , 3.866340600000000000e+08 , 6.717136764000000000e+10 , 3.474971465400000000e+12 , 7.969482074808000000e+13 , 9.952109163360000000e+14 , 7.621934141203200000e+15 , 3.852892761157440000e+16 , 1.346726200083264000e+17 , 3.349420647116544000e+17 , 6.017835369401856000e+17 , 7.836994486024704000e+17 , 7.330628971201536000e+17 , 4.801780279296000000e+17 , 2.091442077204480000e+17 , 5.442017649868800000e+16 , 6.402373705728000000e+15 , 0.000000000000000000e+00 , 0.000000000000000000e+00
0.000000000000000000e+00 , 8.100000000000000000e+01 , 1.015766200000000000e+07 , 9.945599442000000000e+09 , 1.285869850944000000e+12 , 5.231279825196000000e+13 , 9.716815405512000000e+14 , 9.986242148593200000e+15 , 6.343232333417280000e+16 , 2.664141699661344000e+17 , 7.711030726967232000e+17 , 1.574475775616620800e+18 , 2.288263674178944000e+18 , 2.354865213910809600e+18 , 1.677777859863705600e+18 , 7.874821582467840000e+17 , 2.191139171020800000e+17 , 2.738793196339200000e+16 , 0.000000000000000000e+00 , 0.000000000000000000e+00 , 0.000000000000000000e+00
0.000000000000000000e+00 , 1.890000000000000000e+03 , 1.163504600000000000e+08 , 7.530554769600000000e+10 , 7.216117678032000000e+12 , 2.296843151500800000e+14 , 3.433059696991680000e+15 , 2.880585278699016000e+16 , 1.502639141764588800e+17 , 5.179204868235955200e+17 , 1.221930353851603200e+18 , 2.006481155143449600e+18 , 2.293213418052480000e+18 , 1.790161179091084800e+18 , 9.106852218976512000e+17 , 2.722218423724800000e+17 , 3.628709192908800000e+16 , 0.000000000000000000e+00 , 0.000000000000000000e+00 , 0.000000000000000000e+00 , 0.000000000000000000e+00
0.000000000000000000e+00 , 1.968200000000000000e+04 , 5.932625000000000000e+08 , 2.534033603760000000e+11 , 1.793135987654400000e+13 , 4.440442453338600000e+14 , 5.301021499729560000e+15 , 3.596871320682570000e+16 , 1.522265667458356800e+17 , 4.239221466317140480e+17 , 7.986766402850255360e+17 , 1.025400490600147200e+18 , 8.847074850147072000e+17 , 4.911122109845952000e+17 , 1.585543838022144000e+17 , 2.263617022867200000e+16 , 0.000000000000000000e+00 , 0.000000000000000000e+00 , 0.000000000000000000e+00 , 0.000000000000000000e+00 , 0.000000000000000000e+00
0.000000000000000000e+00 , 1.091090000000000000e+05 , 1.620229886000000000e+09 , 4.567133041440000000e+11 , 2.378276862847200000e+13 , 4.553583593249200000e+14 , 4.303835895533088000e+15 , 2.334223464678504000e+16 , 7.893841041190272000e+16 , 1.740468900712197760e+17 , 2.546335842207595200e+17 , 2.454170709409372800e+17 , 1.498700712983443200e+17 , 5.258892290940288000e+16 , 8.081247425771520000e+15 , 0.000000000000000000e+00 , 0.000000000000000000e+00 , 0.000000000000000000e+00 , 0.000000000000000000e+00 , 0.000000000000000000e+00 , 0.000000000000000000e+00
0.000000000000000000e+00 , 3.588220000000000000e+05 , 2.641743164000000000e+09 , 4.916677323330000000e+11 , 1.876599915326000000e+13 , 2.757293384816200000e+14 , 2.041062453596088000e+15 , 8.719383654763257000e+15 , 2.309793465126184800e+16 , 3.922119106507627200e+16 , 4.279217850651240000e+16 , 2.903389116882408000e+16 , 1.115703321451488000e+16 , 1.856290571815680000e+15 , 0.000000000000000000e+00 , 0.000000000000000000e+00 , 0.000000000000000000e+00 , 0.000000000000000000e+00 , 0.000000000000000000e+00 , 0.000000000000000000e+00 , 0.000000000000000000e+00
0.000000000000000000e+00 , 7.521820000000000000e+05 , 2.765150812000000000e+09 , 3.397884961620000000e+11 , 9.454721366456000000e+12 , 1.055801315539450000e+14 , 6.035956141395060000e+14 , 1.991920040130447000e+15 , 4.021801036383768000e+15 , 5.052000267982152000e+15 , 3.855303056236320000e+15 , 1.637331703563600000e+15 , 2.970147397536000000e+14 , 0.000000000000000000e+00 , 0.000000000000000000e+00 , 0.000000000000000000e+00 , 0.000000000000000000e+00 , 0.000000000000000000e+00 , 0.000000000000000000e+00 , 0.000000000000000000e+00 , 0.000000000000000000e+00
0.000000000000000000e+00 , 1.059945000000000000e+06 , 1.957442954000000000e+09 , 1.585762672080000000e+11 , 3.191911512872000000e+12 , 2.673946650519500000e+13 , 1.158511852098660000e+14 , 2.874667617499930000e+14 , 4.250264945816080000e+14 , 3.704874319297620000e+14 , 1.758525920541000000e+14 , 3.507190406478000000e+13 , 0.000000000000000000e+00 , 0.000000000000000000e+00 , 0.000000000000000000e+00 , 0.000000000000000000e+00 , 0.000000000000000000e+00 , 0.000000000000000000e+00 , 0.000000000000000000e+00 , 0.000000000000000000e+00 , 0.000000000000000000e+00
0.000000000000000000e+00 , 1.044990000000000000e+06 , 9.737732080000000000e+08 , 5.180248170900000000e+10 , 7.458191221640000000e+11 , 4.603215562010000000e+12 , 1.471804501551600000e+13 , 2.638910784548500000e+13 , 2.680494093688800000e+13 , 1.441957253528700000e+13 , 3.193921399510000000e+12 , 0.000000000000000000e+00 , 0.000000000000000000e+00 , 0.000000000000000000e+00 , 0.000000000000000000e+00 , 0.000000000000000000e+00 , 0.000000000000000000e+00 , 0.000000000000000000e+00 , 0.000000000000000000e+00 , 0.000000000000000000e+00 , 0.000000000000000000e+00
0.000000000000000000e+00 , 7.430880000000000000e+05 , 3.500452240000000000e+08 , 1.213650960000000000e+10 , 1.229415283400000000e+11 , 5.447913713450000000e+11 , 1.235795120760000000e+12 , 1.502359542733000000e+12 , 9.324686900480000000e+11 , 2.322677883330000000e+11 , 0.000000000000000000e+00 , 0.000000000000000000e+00 , 0.000000000000000000e+00 , 0.000000000000000000e+00 , 0.000000000000000000e+00 , 0.000000000000000000e+00 , 0.000000000000000000e+00 , 0.000000000000000000e+00 , 0.000000000000000000e+00 , 0.000000000000000000e+00 , 0.000000000000000000e+00
0.000000000000000000e+00 , 3.894530000000000000e+05 , 9.266612200000000000e+07 , 2.067641811000000000e+09 , 1.438264010000000000e+10 , 4.402032895500000000e+10 , 6.649704846600000000e+10 , 4.875947517000000000e+10 , 1.387579195200000000e+10 , 0.000000000000000000e+00 , 0.000000000000000000e+00 , 0.000000000000000000e+00 , 0.000000000000000000e+00 , 0.000000000000000000e+00 , 0.000000000000000000e+00 , 0.000000000000000000e+00 , 0.000000000000000000e+00 , 0.000000000000000000e+00 , 0.000000000000000000e+00 , 0.000000000000000000e+00 , 0.000000000000000000e+00
0.000000000000000000e+00 , 1.525960000000000000e+05 , 1.825919200000000000e+07 , 2.568859530000000000e+08 , 1.182161612000000000e+09 , 2.347220310000000000e+09 , 2.101058580000000000e+09 , 6.973478400000000000e+08 , 0.000000000000000000e+00 , 0.000000000000000000e+00 , 0.000000000000000000e+00 , 0.000000000000000000e+00 , 0.000000000000000000e+00 , 0.000000000000000000e+00 , 0.000000000000000000e+00 , 0.000000000000000000e+00 , 0.000000000000000000e+00 , 0.000000000000000000e+00 , 0.000000000000000000e+00 , 0.000000000000000000e+00 , 0.000000000000000000e+00
0.000000000000000000e+00 , 4.498800000000000000e+04 , 2.682580000000000000e+06 , 2.301768600000000000e+07 , 6.591329600000000000e+07 , 7.559180500000000000e+07 , 3.009778200000000000e+07 , 0.000000000000000000e+00 , 0.000000000000000000e+00 , 0.000000000000000000e+00 , 0.000000000000000000e+00 , 0.000000000000000000e+00 , 0.000000000000000000e+00 , 0.000000000000000000e+00 , 0.000000000000000000e+00 , 0.000000000000000000e+00 , 0.000000000000000000e+00 , 0.000000000000000000e+00 , 0.000000000000000000e+00 , 0.000000000000000000e+00 , 0.000000000000000000e+00
0.000000000000000000e+00 , 9.981000000000000000e+03 , 2.910300000000000000e+05 , 1.438290000000000000e+06 , 2.285108000000000000e+06 , 1.136905000000000000e+06 , 0.000000000000000000e+00 , 0.000000000000000000e+00 , 0.000000000000000000e+00 , 0.000000000000000000e+00 , 0.000000000000000000e+00 , 0.000000000000000000e+00 , 0.000000000000000000e+00 , 0.000000000000000000e+00 , 0.000000000000000000e+00 , 0.000000000000000000e+00 , 0.000000000000000000e+00 , 0.000000000000000000e+00 , 0.000000000000000000e+00 , 0.000000000000000000e+00 , 0.000000000000000000e+00
0.000000000000000000e+00 , 1.650000000000000000e+03 , 2.266000000000000000e+04 , 5.776500000000000000e+04 , 3.830000000000000000e+04 , 0.000000000000000000e+00 , 0.000000000000000000e+00 , 0.000000000000000000e+00 , 0.000000000000000000e+00 , 0.000000000000000000e+00 , 0.000000000000000000e+00 , 0.000000000000000000e+00 , 0.000000000000000000e+00 , 0.000000000000000000e+00 , 0.000000000000000000e+00 , 0.000000000000000000e+00 , 0.000000000000000000e+00 , 0.000000000000000000e+00 , 0.000000000000000000e+00 , 0.000000000000000000e+00 , 0.000000000000000000e+00
0.000000000000000000e+00 , 2.000000000000000000e+02 , 1.184000000000000000e+03 , 1.176000000000000000e+03 , 0.000000000000000000e+00 , 0.000000000000000000e+00 , 0.000000000000000000e+00 , 0.000000000000000000e+00 , 0.000000000000000000e+00 , 0.000000000000000000e+00 , 0.000000000000000000e+00 , 0.000000000000000000e+00 , 0.000000000000000000e+00 , 0.000000000000000000e+00 , 0.000000000000000000e+00 , 0.000000000000000000e+00 , 0.000000000000000000e+00 , 0.000000000000000000e+00 , 0.000000000000000000e+00 , 0.000000000000000000e+00 , 0.000000000000000000e+00
0.000000000000000000e+00 , 1.700000000000000000e+01 , 3.400000000000000000e+01 , 0.000000000000000000e+00 , 0.000000000000000000e+00 , 0.000000000000000000e+00 , 0.000000000000000000e+00 , 0.000000000000000000e+00 , 0.000000000000000000e+00 , 0.000000000000000000e+00 , 0.000000000000000000e+00 , 0.000000000000000000e+00 , 0.000000000000000000e+00 , 0.000000000000000000e+00 , 0.000000000000000000e+00 , 0.000000000000000000e+00 , 0.000000000000000000e+00 , 0.000000000000000000e+00 , 0.000000000000000000e+00 , 0.000000000000000000e+00 , 0.000000000000000000e+00
0.000000000000000000e+00 , 1.000000000000000000e+00 , 0.000000000000000000e+00 , 0.000000000000000000e+00 , 0.000000000000000000e+00 , 0.000000000000000000e+00 , 0.000000000000000000e+00 , 0.000000000000000000e+00 , 0.000000000000000000e+00 , 0.000000000000000000e+00 , 0.000000000000000000e+00 , 0.000000000000000000e+00 , 0.000000000000000000e+00 , 0.000000000000000000e+00 , 0.000000000000000000e+00 , 0.000000000000000000e+00 , 0.000000000000000000e+00 , 0.000000000000000000e+00 , 0.000000000000000000e+00 , 0.000000000000000000e+00 , 0.000000000000000000e+00
0.000000000000000000e+00 , 0.000000000000000000e+00 , 0.000000000000000000e+00 , 0.000000000000000000e+00 , 0.000000000000000000e+00 , 0.000000000000000000e+00 , 0.000000000000000000e+00 , 0.000000000000000000e+00 , 0.000000000000000000e+00 , 0.000000000000000000e+00 , 0.000000000000000000e+00 , 0.000000000000000000e+00 , 0.000000000000000000e+00 , 0.000000000000000000e+00 , 0.000000000000000000e+00 , 0.000000000000000000e+00 , 0.000000000000000000e+00 , 0.000000000000000000e+00 , 0.000000000000000000e+00 , 0.000000000000000000e+00 , 0.000000000000000000e+00
