-1.000000000000000000e+00 , -1.000000000000000000e+00 , -1.000000000000000000e+00 , -1.000000000000000000e+00 , -1.000000000000000000e+00 , -1.000000000000000000e+00 , -1.000000000000000000e+00 , -1.000000000000000000e+00 , -1.000000000000000000e+00 , -1.000000000000000000e+00 , -1.000000000000000000e+00 , -1.000000000000000000e+00 , -1.000000000000000000e+00 , -1.000000000000000000e+00 , -1.000000000000000000e+00 , -1.000000000000000000e+00 , -1.000000000000000000e+00 , -1.000000000000000000e+00 , -1.000000000000000000e+00 , -1.000000000000000000e+00 , -1.000000000000000000e+00
0.000000000000000000e+00 , 0.000000000000000000e+00 , 0.000000000000000000e+00 , 0.000000000000000000e+00 , 0.000000000000000000e+00 , 0.000000000000000000e+00 , 0.000000000000000000e+00 , 0.000000000000000000e+00 , 0.000000000000000000e+00 , 0.000000000000000000e+00 , 0.000000000000000000e+00 , 0.000000000000000000e+00 , 0.000000000000000000e+00 , 0.000000000000000000e+00 , 0.000000000000000000e+00 , 0.000000000000000000e+00 , 0.000000000000000000e+00 , 0.000000000000000000e+00 , 0.000000000000000000e+00 , 0.000000000000000000e+00 , 0.000000000000000000e+00
0.000000000000000000e+00 , 1.000000000000000000e+00 , 1.310700000000000000e+05 , 1.287469500000000000e+08 , 1.666409496000000000e+10 , 6.783301981200000000e+11 , 1.260413992656000000e+13 , 1.295688481214400000e+14 , 8.231729195289600000e+14 , 3.457819037312640000e+15 , 1.000944296352000000e+16 , 2.043983564663040000e+16 , 2.970879243171840000e+16 , 3.057578053770240000e+16 , 2.178585497088000000e+16 , 1.022601355776000000e+16 , 2.845499424768000000e+15 , 3.556874280960000000e+14 , 0.000000000000000000e+00 , 0.000000000000000000e+00 , 0.000000000000000000e+00
0.000000000000000000e+00 , 7.200000000000000000e+01 , 4.521584000000000000e+06 , 2.945892180000000000e+09 , 2.831103454560000000e+11 , 9.026287884720000000e+12 , 1.350647704857600000e+14 , 1.134207649285200000e+15 , 5.920211540396160000e+15 , 2.041564492058112000e+16 , 4.818663583009920000e+16 , 7.915310713537920000e+16 , 9.049180440706560000e+16 , 7.065981708065280000e+16 , 3.595433239157760000e+16 , 1.074973714214400000e+16 , 1.433211107328000000e+15 , 0.000000000000000000e+00 , 0.000000000000000000e+00 , 0.000000000000000000e+00 , 0.000000000000000000e+00
0.000000000000000000e+00 , 1.491000000000000000e+03 , 4.583125800000000000e+07 , 1.971540613800000000e+10 , 1.399986473392000000e+12 , 3.474293236100000000e+13 , 4.153787954150400000e+14 , 2.821578513695760000e+15 , 1.195192654278336000e+16 , 3.330767893239360000e+16 , 6.278997526462080000e+16 , 8.065602053308800000e+16 , 6.962068442165760000e+16 , 3.866268272106240000e+16 , 1.248659023772160000e+16 , 1.783231946496000000e+15 , 0.000000000000000000e+00 , 0.000000000000000000e+00 , 0.000000000000000000e+00 , 0.000000000000000000e+00 , 0.000000000000000000e+00
0.000000000000000000e+00 , 1.364500000000000000e+04 , 2.055459500000000000e+08 , 5.828234866200000000e+10 , 3.044394545856000000e+12 , 5.840482644075000000e+13 , 5.527913638447800000e+14 , 3.001329624948480000e+15 , 1.015856181142992000e+16 , 2.241394906720032000e+16 , 3.281174495696160000e+16 , 3.164059563588000000e+16 , 1.933096578336000000e+16 , 6.785935614057600000e+15 , 1.043164535212800000e+15 , 0.000000000000000000e+00 , 0.000000000000000000e+00 , 0.000000000000000000e+00 , 0.000000000000000000e+00 , 0.000000000000000000e+00 , 0.000000000000000000e+00
0.000000000000000000e+00 , 6.606900000000000000e+04 , 4.909221780000000000e+08 , 9.173703398400000000e+10 , 3.509178455136000000e+12 , 5.163525647298000000e+13 , 3.826280861070480000e+14 , 1.635913970621952000e+15 , 4.336450318279968000e+15 , 7.367519261732112000e+15 , 8.042099821207200000e+15 , 5.458689828456480000e+15 , 2.098404724711680000e+15 , 3.492425653516800000e+14 , 0.000000000000000000e+00 , 0.000000000000000000e+00 , 0.000000000000000000e+00 , 0.000000000000000000e+00 , 0.000000000000000000e+00 , 0.000000000000000000e+00 , 0.000000000000000000e+00
0.000000000000000000e+00 , 1.886380000000000000e+05 , 6.963579360000000000e+08 , 8.575404452700000000e+10 , 2.389106900524000000e+12 , 2.670149013306000000e+13 , 1.527466122017040000e+14 , 5.043265345926990000e+14 , 1.018676472413544000e+15 , 1.280051358390000000e+15 , 9.771258230244000000e+14 , 4.150886654930400000e+14 , 7.531509208608000000e+13 , 0.000000000000000000e+00 , 0.000000000000000000e+00 , 0.000000000000000000e+00 , 0.000000000000000000e+00 , 0.000000000000000000e+00 , 0.000000000000000000e+00 , 0.000000000000000000e+00 , 0.000000000000000000e+00
0.000000000000000000e+00 , 3.416530000000000000e+05 , 6.311101760000000000e+08 , 5.116029475500000000e+10 , 1.030241143424000000e+12 , 8.633428213455000000e+12 , 3.741473054614200000e+13 , 9.285835861505700000e+13 , 1.373176260672240000e+14 , 1.197154311564960000e+14 , 5.683079439000000000e+13 , 1.133564488848000000e+13 , 0.000000000000000000e+00 , 0.000000000000000000e+00 , 0.000000000000000000e+00 , 0.000000000000000000e+00 , 0.000000000000000000e+00 , 0.000000000000000000e+00 , 0.000000000000000000e+00 , 0.000000000000000000e+00 , 0.000000000000000000e+00
0.000000000000000000e+00 , 4.141160000000000000e+05 , 3.850209200000000000e+08 , 2.047522222500000000e+10 , 2.947600128280000000e+11 , 1.819208773455000000e+12 , 5.816592667794000000e+12 , 1.042906836332900000e+13 , 1.059352220258400000e+13 , 5.698805949495000000e+12 , 1.262299126950000000e+12 , 0.000000000000000000e+00 , 0.000000000000000000e+00 , 0.000000000000000000e+00 , 0.000000000000000000e+00 , 0.000000000000000000e+00 , 0.000000000000000000e+00 , 0.000000000000000000e+00 , 0.000000000000000000e+00 , 0.000000000000000000e+00 , 0.000000000000000000e+00
0.000000000000000000e+00 , 3.497030000000000000e+05 , 1.641884480000000000e+08 , 5.687776923000000000e+09 , 5.759329670000000000e+10 , 2.551515398750000000e+11 , 5.786858985780000000e+11 , 7.034251987070000000e+11 , 4.365539912560000000e+11 , 1.087327768410000000e+11 , 0.000000000000000000e+00 , 0.000000000000000000e+00 , 0.000000000000000000e+00 , 0.000000000000000000e+00 , 0.000000000000000000e+00 , 0.000000000000000000e+00 , 0.000000000000000000e+00 , 0.000000000000000000e+00 , 0.000000000000000000e+00 , 0.000000000000000000e+00 , 0.000000000000000000e+00
0.000000000000000000e+00 , 2.118910000000000000e+05 , 5.024245800000000000e+07 , 1.119895071000000000e+09 , 7.785906316000000000e+09 , 2.382189315000000000e+10 , 3.597662002800000000e+10 , 2.637528167400000000e+10 , 7.504680912000000000e+09 , 0.000000000000000000e+00 , 0.000000000000000000e+00 , 0.000000000000000000e+00 , 0.000000000000000000e+00 , 0.000000000000000000e+00 , 0.000000000000000000e+00 , 0.000000000000000000e+00 , 0.000000000000000000e+00 , 0.000000000000000000e+00 , 0.000000000000000000e+00 , 0.000000000000000000e+00 , 0.000000000000000000e+00
0.000000000000000000e+00 , 9.397500000000000000e+04 , 1.121107000000000000e+07 , 1.575689520000000000e+08 , 7.247184400000000000e+08 , 1.438432380000000000e+09 , 1.287239856000000000e+09 , 4.271518020000000000e+08 , 0.000000000000000000e+00 , 0.000000000000000000e+00 , 0.000000000000000000e+00 , 0.000000000000000000e+00 , 0.000000000000000000e+00 , 0.000000000000000000e+00 , 0.000000000000000000e+00 , 0.000000000000000000e+00 , 0.000000000000000000e+00 , 0.000000000000000000e+00 , 0.000000000000000000e+00 , 0.000000000000000000e+00 , 0.000000000000000000e+00
0.000000000000000000e+00 , 3.084600000000000000e+04 , 1.834820000000000000e+06 , 1.572967200000000000e+07 , 4.502086400000000000e+07 , 5.161416500000000000e+07 , 2.054566200000000000e+07 , 0.000000000000000000e+00 , 0.000000000000000000e+00 , 0.000000000000000000e+00 , 0.000000000000000000e+00 , 0.000000000000000000e+00 , 0.000000000000000000e+00 , 0.000000000000000000e+00 , 0.000000000000000000e+00 , 0.000000000000000000e+00 , 0.000000000000000000e+00 , 0.000000000000000000e+00 , 0.000000000000000000e+00 , 0.000000000000000000e+00 , 0.000000000000000000e+00
0.000000000000000000e+00 , 7.516000000000000000e+03 , 2.187900000000000000e+05 , 1.080537000000000000e+06 , 1.716012000000000000e+06 , 8.535150000000000000e+05 , 0.000000000000000000e+00 , 0.000000000000000000e+00 , 0.000000000000000000e+00 , 0.000000000000000000e+00 , 0.000000000000000000e+00 , 0.000000000000000000e+00 , 0.000000000000000000e+00 , 0.000000000000000000e+00 , 0.000000000000000000e+00 , 0.000000000000000000e+00 , 0.000000000000000000e+00 , 0.000000000000000000e+00 , 0.000000000000000000e+00 , 0.000000000000000000e+00 , 0.000000000000000000e+00
0.000000000000000000e+00 , 1.350000000000000000e+03 , 1.852000000000000000e+04 , 4.718700000000000000e+04 , 3.127600000000000000e+04 , 0.000000000000000000e+00 , 0.000000000000000000e+00 , 0.000000000000000000e+00 , 0.000000000000000000e+00 , 0.000000000000000000e+00 , 0.000000000000000000e+00 , 0.000000000000000000e+00 , 0.000000000000000000e+00 , 0.000000000000000000e+00 , 0.000000000000000000e+00 , 0.000000000000000000e+00 , 0.000000000000000000e+00 , 0.000000000000000000e+00 , 0.000000000000000000e+00 , 0.000000000000000000e+00 , 0.000000000000000000e+00
0.000000000000000000e+00 , 1.760000000000000000e+02 , 1.042000000000000000e+03 , 1.035000000000000000e+03 , 0.000000000000000000e+00 , 0.000000000000000000e+00 , 0.000000000000000000e+00 , 0.000000000000000000e+00 , 0.000000000000000000e+00 , 0.000000000000000000e+00 , 0.000000000000000000e+00 , 0.000000000000000000e+00 , 0.000000000000000000e+00 , 0.000000000000000000e+00 , 0.000000000000000000e+00 , 0.000000000000000000e+00 , 0.000000000000000000e+00 , 0.000000000000000000e+00 , 0.000000000000000000e+00 , 0.000000000000000000e+00 , 0.000000000000000000e+00
0.000000000000000000e+00 , 1.600000000000000000e+01 , 3.200000000000000000e+01 , 0.000000000000000000e+00 , 0.000000000000000000e+00 , 0.000000000000000000e+00 , 0.000000000000000000e+00 , 0.000000000000000000e+00 , 0.000000000000000000e+00 , 0.000000000000000000e+00 , 0.000000000000000000e+00 , 0.000000000000000000e+00 , 0.000000000000000000e+00 , 0.000000000000000000e+00 , 0.000000000000000000e+00 , 0.000000000000000000e+00 , 0.000000000000000000e+00 , 0.000000000000000000e+00 , 0.000000000000000000e+00 , 0.000000000000000000e+00 , 0.000000000000000000e+00
0.000000000000000000e+00 , 1.000000000000000000e+00 , 0.000000000000000000e+00 , 0.000000000000000000e+00 , 0.000000000000000000e+00 , 0.000000000000000000e+00 , 0.000000000000000000e+00 , 0.000000000000000000e+00 , 0.000000000000000000e+00 , 0.000000000000000000e+00 , 0.000000000000000000e+00 , 0.000000000000000000e+00 , 0.000000000000000000e+00 , 0.000000000000000000e+00 , 0.000000000000000000e+00 , 0.000000000000000000e+00 , 0.000000000000000000e+00 , 0.000000000000000000e+00 , 0.000000000000000000e+00 , 0.000000000000000000e+00 , 0.000000000000000000e+00
0.000000000000000000e+00 , 0.000000000000000000e+00 , 0.000000000000000000e+00 , 0.000000000000000000e+00 , 0.000000000000000000e+00 , 0.000000000000000000e+00 , 0.000000000000000000e+00 , 0.000000000000000000e+00 , 0.000000000000000000e+00 , 0.000000000000000000e+00 , 0.000000000000000000e+00 , 0.000000000000000000e+00 , 0.000000000000000000e+00 , 0.000000000000000000e+00 , 0.000000000000000000e+00 , 0.000000000000000000e+00 , 0.000000000000000000e+00 , 0.000000000000000000e+00 , 0.000000000000000000e+00 , 0.000000000000000000e+00 , 0.000000000000000000e+00
0.000000000000000000e+00 , 0.000000000000000000e+00 , 0.000000000000000000e+00 , 0.000000000000000000e+00 , 0.000000000000000000e+00 , 0.000000000000000000e+00 , 0.000000000000000000e+00 , 0.000000000000000000e+00 , 0.000000000000000000e+00 , 0.000000000000000000e+00 , 0.000000000000000000e+00 , 0.000000000000000000e+00 , 0.000000000000000000e+00 , 0.000000000000000000e+00 , 0.000000000000000000e+00 , 0.000000000000000000e+00 , 0.000000000000000000e+00 , 0.000000000000000000e+00 , 0.000000000000000000e+00 , 0.000000000000000000e+00 , 0.000000000000000000e+00
