-1.000000000000000000e+00 , -1.000000000000000000e+00 , -1.000000000000000000e+00 , -1.000000000000000000e+00 , -1.000000000000000000e+00 , -1.000000000000000000e+00 , -1.000000000000000000e+00 , -1.000000000000000000e+00 , -1.000000000000000000e+00 , -1.000000000000000000e+00 , -1.000000000000000000e+00 , -1.000000000000000000e+00 , -1.000000000000000000e+00 , -1.000000000000000000e+00 , -1.000000000000000000e+00 , -1.000000000000000000e+00 , -1.000000000000000000e+00 , -1.000000000000000000e+00 , -1.000000000000000000e+00 , -1.000000000000000000e+00 , -1.000000000000000000e+00
0.000000000000000000e+00 , 0.000000000000000000e+00 , 0.000000000000000000e+00 , 0.000000000000000000e+00 , 0.000000000000000000e+00 , 0.000000000000000000e+00 , 0.000000000000000000e+00 , 0.000000000000000000e+00 , 0.000000000000000000e+00 , 0.000000000000000000e+00 , 0.000000000000000000e+00 , 0.000000000000000000e+00 , 0.000000000000000000e+00 , 0.000000000000000000e+00 , 0.000000000000000000e+00 , 0.000000000000000000e+00 , 0.000000000000000000e+00 , 0.000000000000000000e+00 , 0.000000000000000000e+00 , 0.000000000000000000e+00 , 0.000000000000000000e+00
0.000000000000000000e+00 , 1.000000000000000000e+00 , 5.242860000000000000e+05 , 1.160688606000000000e+09 , 2.702320068000000000e+11 , 1.771071416520000000e+13 , 4.990187532808800000e+14 , 7.524340159588560000e+15 , 6.893716046031360000e+16 , 4.153577557749984000e+17 , 1.732015476199008000e+18 , 5.165761531919789056e+18 , 1.124070721982208000e+19 , 1.801127881205452800e+19 , 2.123467284011673600e+19 , 1.819861387574630400e+19 , 1.102915577040076800e+19 , 4.480594531725312000e+18 , 1.094805903679488000e+18 , 1.216451004088320000e+17 , 0.000000000000000000e+00
0.000000000000000000e+00 , 8.100000000000000000e+01 , 2.031548600000000000e+07 , 2.986727131200000000e+10 , 5.183261801544000000e+12 , 2.679933405145200000e+14 , 6.143966032818960000e+15 , 7.670546582401080000e+16 , 5.873485238621280000e+17 , 2.968618439702764544e+18 , 1.037517242662857523e+19 , 2.580136733144678400e+19 , 4.635287339754677862e+19 , 6.036067554516679885e+19 , 5.645700303284321485e+19 , 3.697890027165734502e+19 , 1.610553720558182400e+19 , 4.190531434113024000e+18 , 4.929827753410560000e+17 , 0.000000000000000000e+00 , 0.000000000000000000e+00
0.000000000000000000e+00 , 1.890000000000000000e+03 , 2.327047000000000000e+08 , 2.262656944680000000e+11 , 2.916569290291200000e+13 , 1.184502164140560000e+15 , 2.197646407285056000e+16 , 2.256723873878728960e+17 , 1.432558135707592192e+18 , 6.013659609000489984e+18 , 1.739850840675198771e+19 , 3.551252659894557901e+19 , 5.159633487835115520e+19 , 5.308386976286633984e+19 , 3.781184961384230093e+19 , 1.774360596405196800e+19 , 4.936142948825088000e+18 , 6.168805627944960000e+17 , 0.000000000000000000e+00 , 0.000000000000000000e+00 , 0.000000000000000000e+00
0.000000000000000000e+00 , 1.968200000000000000e+04 , 1.186564364000000000e+09 , 7.619898686280000000e+11 , 7.273905294768000000e+13 , 2.309878026052020000e+15 , 3.447039447038052000e+16 , 2.888881429458868480e+17 , 1.505562239621291008e+18 , 5.185338420397947904e+18 , 1.222598786916739686e+19 , 2.006484843973690163e+19 , 2.292129570737825382e+19 , 1.788565604799093146e+19 , 9.095332327015333888e+18 , 2.717858310463296000e+18 , 3.621787236587520000e+17 , 0.000000000000000000e+00 , 0.000000000000000000e+00 , 0.000000000000000000e+00 , 0.000000000000000000e+00
0.000000000000000000e+00 , 1.091090000000000000e+05 , 3.240677990000000000e+09 , 1.375000602090000000e+12 , 9.695792773046400000e+13 , 2.395705639766960000e+15 , 2.855516552914804800e+16 , 1.935224937962268800e+17 , 8.182451604695020800e+17 , 2.276867704348102400e+18 , 4.286804742919792640e+18 , 5.500557206778664960e+18 , 4.743445706871378944e+18 , 2.631966924700713472e+18 , 8.493823846924416000e+17 , 1.212187113865728000e+17 , 0.000000000000000000e+00 , 0.000000000000000000e+00 , 0.000000000000000000e+00 , 0.000000000000000000e+00 , 0.000000000000000000e+00
0.000000000000000000e+00 , 3.588220000000000000e+05 , 5.284203972000000000e+09 , 1.482928426491000000e+12 , 7.703066754237200000e+13 , 1.472476688174400000e+15 , 1.390075075246624800e+16 , 7.532312275851540800e+16 , 2.545385464482008320e+17 , 5.608721314470430720e+17 , 8.201336957158867200e+17 , 7.900867664287013120e+17 , 4.822910926000675200e+17 , 1.691732092222972800e+17 , 2.598806800541952000e+16 , 0.000000000000000000e+00 , 0.000000000000000000e+00 , 0.000000000000000000e+00 , 0.000000000000000000e+00 , 0.000000000000000000e+00 , 0.000000000000000000e+00
0.000000000000000000e+00 , 7.521820000000000000e+05 , 5.531805988000000000e+09 , 1.027660940922000000e+12 , 3.917803945047200000e+13 , 5.751742646020050000e+14 , 4.255054474160706000e+15 , 1.816860957988967200e+16 , 4.810976861211372000e+16 , 8.166421173929328000e+16 , 8.907303324218472000e+16 , 6.041898235779912000e+16 , 2.321215731980640000e+16 , 3.861191616796800000e+15 , 0.000000000000000000e+00 , 0.000000000000000000e+00 , 0.000000000000000000e+00 , 0.000000000000000000e+00 , 0.000000000000000000e+00 , 0.000000000000000000e+00 , 0.000000000000000000e+00
0.000000000000000000e+00 , 1.059945000000000000e+06 , 3.917005798000000000e+09 , 4.816011304860000000e+11 , 1.340195112032000000e+13 , 1.496568900903350000e+14 , 8.555439102903660000e+14 , 2.823225628719013000e+15 , 5.699946050652808000e+15 , 7.159625338602330000e+15 , 5.463400239838620000e+15 , 2.320169457307680000e+15 , 4.208628487773600000e+14 , 0.000000000000000000e+00 , 0.000000000000000000e+00 , 0.000000000000000000e+00 , 0.000000000000000000e+00 , 0.000000000000000000e+00 , 0.000000000000000000e+00 , 0.000000000000000000e+00 , 0.000000000000000000e+00
0.000000000000000000e+00 , 1.044990000000000000e+06 , 1.949636396000000000e+09 , 1.583287647510000000e+11 , 3.190486415492000000e+12 , 2.674517342087000000e+13 , 1.159275634651560000e+14 , 2.877500700270070000e+14 , 4.255523902589840000e+14 , 3.710206212495750000e+14 , 1.761349393479700000e+14 , 3.513313539461000000e+13 , 0.000000000000000000e+00 , 0.000000000000000000e+00 , 0.000000000000000000e+00 , 0.000000000000000000e+00 , 0.000000000000000000e+00 , 0.000000000000000000e+00 , 0.000000000000000000e+00 , 0.000000000000000000e+00 , 0.000000000000000000e+00
0.000000000000000000e+00 , 7.430880000000000000e+05 , 7.015766240000000000e+08 , 3.745966447200000000e+10 , 5.403121517600000000e+11 , 3.338664498425000000e+12 , 1.068351895263000000e+13 , 1.916708264445100000e+13 , 1.947862586224800000e+13 , 1.048262830542900000e+13 , 2.322677883330000000e+12 , 0.000000000000000000e+00 , 0.000000000000000000e+00 , 0.000000000000000000e+00 , 0.000000000000000000e+00 , 0.000000000000000000e+00 , 0.000000000000000000e+00 , 0.000000000000000000e+00 , 0.000000000000000000e+00 , 0.000000000000000000e+00 , 0.000000000000000000e+00
0.000000000000000000e+00 , 3.894530000000000000e+05 , 1.861111500000000000e+08 , 6.480923799000000000e+09 , 6.580112764400000000e+10 , 2.920148452750000000e+11 , 6.631042645260000000e+11 , 8.067956654520000000e+11 , 5.010821369760000000e+11 , 1.248821275680000000e+11 , 0.000000000000000000e+00 , 0.000000000000000000e+00 , 0.000000000000000000e+00 , 0.000000000000000000e+00 , 0.000000000000000000e+00 , 0.000000000000000000e+00 , 0.000000000000000000e+00 , 0.000000000000000000e+00 , 0.000000000000000000e+00 , 0.000000000000000000e+00 , 0.000000000000000000e+00
0.000000000000000000e+00 , 1.525960000000000000e+05 , 3.682357600000000000e+07 , 8.254354350000000000e+08 , 5.756190260000000000e+09 , 1.764690961000000000e+10 , 2.668967334000000000e+10 , 1.958884494000000000e+10 , 5.578782720000000000e+09 , 0.000000000000000000e+00 , 0.000000000000000000e+00 , 0.000000000000000000e+00 , 0.000000000000000000e+00 , 0.000000000000000000e+00 , 0.000000000000000000e+00 , 0.000000000000000000e+00 , 0.000000000000000000e+00 , 0.000000000000000000e+00 , 0.000000000000000000e+00 , 0.000000000000000000e+00 , 0.000000000000000000e+00
0.000000000000000000e+00 , 4.498800000000000000e+04 , 5.455136000000000000e+06 , 7.710079800000000000e+07 , 3.557239280000000000e+08 , 7.075255050000000000e+08 , 6.341375220000000000e+08 , 2.106844740000000000e+08 , 0.000000000000000000e+00 , 0.000000000000000000e+00 , 0.000000000000000000e+00 , 0.000000000000000000e+00 , 0.000000000000000000e+00 , 0.000000000000000000e+00 , 0.000000000000000000e+00 , 0.000000000000000000e+00 , 0.000000000000000000e+00 , 0.000000000000000000e+00 , 0.000000000000000000e+00 , 0.000000000000000000e+00 , 0.000000000000000000e+00
0.000000000000000000e+00 , 9.981000000000000000e+03 , 6.020220000000000000e+05 , 5.187960000000000000e+06 , 1.489359200000000000e+07 , 1.711006500000000000e+07 , 6.821430000000000000e+06 , 0.000000000000000000e+00 , 0.000000000000000000e+00 , 0.000000000000000000e+00 , 0.000000000000000000e+00 , 0.000000000000000000e+00 , 0.000000000000000000e+00 , 0.000000000000000000e+00 , 0.000000000000000000e+00 , 0.000000000000000000e+00 , 0.000000000000000000e+00 , 0.000000000000000000e+00 , 0.000000000000000000e+00 , 0.000000000000000000e+00 , 0.000000000000000000e+00
0.000000000000000000e+00 , 1.650000000000000000e+03 , 4.862000000000000000e+04 , 2.412750000000000000e+05 , 3.842600000000000000e+05 , 1.915000000000000000e+05 , 0.000000000000000000e+00 , 0.000000000000000000e+00 , 0.000000000000000000e+00 , 0.000000000000000000e+00 , 0.000000000000000000e+00 , 0.000000000000000000e+00 , 0.000000000000000000e+00 , 0.000000000000000000e+00 , 0.000000000000000000e+00 , 0.000000000000000000e+00 , 0.000000000000000000e+00 , 0.000000000000000000e+00 , 0.000000000000000000e+00 , 0.000000000000000000e+00 , 0.000000000000000000e+00
0.000000000000000000e+00 , 2.000000000000000000e+02 , 2.768000000000000000e+03 , 7.080000000000000000e+03 , 4.704000000000000000e+03 , 0.000000000000000000e+00 , 0.000000000000000000e+00 , 0.000000000000000000e+00 , 0.000000000000000000e+00 , 0.000000000000000000e+00 , 0.000000000000000000e+00 , 0.000000000000000000e+00 , 0.000000000000000000e+00 , 0.000000000000000000e+00 , 0.000000000000000000e+00 , 0.000000000000000000e+00 , 0.000000000000000000e+00 , 0.000000000000000000e+00 , 0.000000000000000000e+00 , 0.000000000000000000e+00 , 0.000000000000000000e+00
0.000000000000000000e+00 , 1.700000000000000000e+01 , 1.020000000000000000e+02 , 1.020000000000000000e+02 , 0.000000000000000000e+00 , 0.000000000000000000e+00 , 0.000000000000000000e+00 , 0.000000000000000000e+00 , 0.000000000000000000e+00 , 0.000000000000000000e+00 , 0.000000000000000000e+00 , 0.000000000000000000e+00 , 0.000000000000000000e+00 , 0.000000000000000000e+00 , 0.000000000000000000e+00 , 0.000000000000000000e+00 , 0.000000000000000000e+00 , 0.000000000000000000e+00 , 0.000000000000000000e+00 , 0.000000000000000000e+00 , 0.000000000000000000e+00
0.000000000000000000e+00 , 1.000000000000000000e+00 , 2.000000000000000000e+00 , 0.000000000000000000e+00 , 0.000000000000000000e+00 , 0.000000000000000000e+00 , 0.000000000000000000e+00 , 0.000000000000000000e+00 , 0.000000000000000000e+00 , 0.000000000000000000e+00 , 0.000000000000000000e+00 , 0.000000000000000000e+00 , 0.000000000000000000e+00 , 0.000000000000000000e+00 , 0.000000000000000000e+00 , 0.000000000000000000e+00 , 0.000000000000000000e+00 , 0.000000000000000000e+00 , 0.000000000000000000e+00 , 0.000000000000000000e+00 , 0.000000000000000000e+00
0.000000000000000000e+00 , 0.000000000000000000e+00 , 0.000000000000000000e+00 , 0.000000000000000000e+00 , 0.000000000000000000e+00 , 0.000000000000000000e+00 , 0.000000000000000000e+00 , 0.000000000000000000e+00 , 0.000000000000000000e+00 , 0.000000000000000000e+00 , 0.000000000000000000e+00 , 0.000000000000000000e+00 , 0.000000000000000000e+00 , 0.000000000000000000e+00 , 0.000000000000000000e+00 , 0.000000000000000000e+00 , 0.000000000000000000e+00 , 0.000000000000000000e+00 , 0.000000000000000000e+00 , 0.000000000000000000e+00 , 0.000000000000000000e+00
