-1.000000000000000000e+00 , -1.000000000000000000e+00 , -1.000000000000000000e+00 , -1.000000000000000000e+00 , -1.000000000000000000e+00 , -1.000000000000000000e+00 , -1.000000000000000000e+00 , -1.000000000000000000e+00 , -1.000000000000000000e+00 , -1.000000000000000000e+00 , -1.000000000000000000e+00 , -1.000000000000000000e+00 , -1.000000000000000000e+00 , -1.000000000000000000e+00 , -1.000000000000000000e+00 , -1.000000000000000000e+00 , -1.000000000000000000e+00 , -1.000000000000000000e+00 , -1.000000000000000000e+00 , -1.000000000000000000e+00 , -1.000000000000000000e+00
0.000000000000000000e+00 , 0.000000000000000000e+00 , 0.000000000000000000e+00 , 0.000000000000000000e+00 , 0.000000000000000000e+00 , 0.000000000000000000e+00 , 0.000000000000000000e+00 , 0.000000000000000000e+00 , 0.000000000000000000e+00 , 0.000000000000000000e+00 , 0.000000000000000000e+00 , 0.000000000000000000e+00 , 0.000000000000000000e+00 , 0.000000000000000000e+00 , 0.000000000000000000e+00 , 0.000000000000000000e+00 , 0.000000000000000000e+00 , 0.000000000000000000e+00 , 0.000000000000000000e+00 , 0.000000000000000000e+00 , 0.000000000000000000e+00
0.000000000000000000e+00 , 1.000000000000000000e+00 , 1.638200000000000000e+04 , 4.733820000000000000e+06 , 2.494018800000000000e+08 , 4.809004200000000000e+09 , 4.567418856000000000e+10 , 2.486195712000000000e+11 , 8.431847424000000000e+11 , 1.863435974400000000e+12 , 2.731586457600000000e+12 , 2.637143308800000000e+12 , 1.612798387200000000e+12 , 5.666588928000000000e+11 , 8.717829120000000000e+10 , 0.000000000000000000e+00 , 0.000000000000000000e+00 , 0.000000000000000000e+00 , 0.000000000000000000e+00 , 0.000000000000000000e+00 , 0.000000000000000000e+00
0.000000000000000000e+00 , 4.200000000000000000e+01 , 3.274680000000000000e+05 , 6.239016900000000000e+07 , 2.410448364000000000e+09 , 3.569089410000000000e+10 , 2.656485093600000000e+11 , 1.139584947480000000e+12 , 3.028859406720000000e+12 , 5.157274872960000000e+12 , 5.639946278400000000e+12 , 3.834327974400000000e+12 , 1.476043430400000000e+12 , 2.459673216000000000e+11 , 0.000000000000000000e+00 , 0.000000000000000000e+00 , 0.000000000000000000e+00 , 0.000000000000000000e+00 , 0.000000000000000000e+00 , 0.000000000000000000e+00 , 0.000000000000000000e+00
0.000000000000000000e+00 , 4.870000000000000000e+02 , 1.860658000000000000e+06 , 2.324564490000000000e+08 , 6.527413044000000000e+09 , 7.333002690000000000e+10 , 4.210616080800000000e+11 , 1.394269089360000000e+12 , 2.822870245440000000e+12 , 3.554129275200000000e+12 , 2.717587756800000000e+12 , 1.156130236800000000e+12 , 2.100422016000000000e+11 , 0.000000000000000000e+00 , 0.000000000000000000e+00 , 0.000000000000000000e+00 , 0.000000000000000000e+00 , 0.000000000000000000e+00 , 0.000000000000000000e+00 , 0.000000000000000000e+00 , 0.000000000000000000e+00
0.000000000000000000e+00 , 2.406000000000000000e+03 , 4.528380000000000000e+06 , 3.701637720000000000e+08 , 7.489772688000000000e+09 , 6.296633113500000000e+10 , 2.735281100700000000e+11 , 6.801327941100000000e+11 , 1.007314267680000000e+12 , 8.793266277600000000e+11 , 4.178953296000000000e+11 , 8.343609120000000000e+10 , 0.000000000000000000e+00 , 0.000000000000000000e+00 , 0.000000000000000000e+00 , 0.000000000000000000e+00 , 0.000000000000000000e+00 , 0.000000000000000000e+00 , 0.000000000000000000e+00 , 0.000000000000000000e+00 , 0.000000000000000000e+00
0.000000000000000000e+00 , 6.086000000000000000e+03 , 5.698328000000000000e+06 , 3.041310570000000000e+08 , 4.387895252000000000e+09 , 2.712318321000000000e+10 , 8.682354279600000000e+10 , 1.558204212600000000e+11 , 1.584019214400000000e+11 , 8.526982968000000000e+10 , 1.889851824000000000e+10 , 0.000000000000000000e+00 , 0.000000000000000000e+00 , 0.000000000000000000e+00 , 0.000000000000000000e+00 , 0.000000000000000000e+00 , 0.000000000000000000e+00 , 0.000000000000000000e+00 , 0.000000000000000000e+00 , 0.000000000000000000e+00 , 0.000000000000000000e+00
0.000000000000000000e+00 , 8.833000000000000000e+03 , 4.149862000000000000e+06 , 1.439050800000000000e+08 , 1.458239160000000000e+09 , 6.464024365000000000e+09 , 1.466720754600000000e+10 , 1.783566159900000000e+10 , 1.107266613600000000e+10 , 2.758669704000000000e+09 , 0.000000000000000000e+00 , 0.000000000000000000e+00 , 0.000000000000000000e+00 , 0.000000000000000000e+00 , 0.000000000000000000e+00 , 0.000000000000000000e+00 , 0.000000000000000000e+00 , 0.000000000000000000e+00 , 0.000000000000000000e+00 , 0.000000000000000000e+00 , 0.000000000000000000e+00
0.000000000000000000e+00 , 7.949000000000000000e+03 , 1.883642000000000000e+06 , 4.199559900000000000e+07 , 2.920382600000000000e+08 , 8.937129200000000000e+08 , 1.349961060000000000e+09 , 9.898454650000000000e+08 , 2.816853200000000000e+08 , 0.000000000000000000e+00 , 0.000000000000000000e+00 , 0.000000000000000000e+00 , 0.000000000000000000e+00 , 0.000000000000000000e+00 , 0.000000000000000000e+00 , 0.000000000000000000e+00 , 0.000000000000000000e+00 , 0.000000000000000000e+00 , 0.000000000000000000e+00 , 0.000000000000000000e+00 , 0.000000000000000000e+00
0.000000000000000000e+00 , 4.682000000000000000e+03 , 5.590040000000000000e+05 , 7.859949000000000000e+06 , 3.616121200000000000e+07 , 7.178915000000000000e+07 , 6.425499600000000000e+07 , 2.132533200000000000e+07 , 0.000000000000000000e+00 , 0.000000000000000000e+00 , 0.000000000000000000e+00 , 0.000000000000000000e+00 , 0.000000000000000000e+00 , 0.000000000000000000e+00 , 0.000000000000000000e+00 , 0.000000000000000000e+00 , 0.000000000000000000e+00 , 0.000000000000000000e+00 , 0.000000000000000000e+00 , 0.000000000000000000e+00 , 0.000000000000000000e+00
0.000000000000000000e+00 , 1.867000000000000000e+03 , 1.113220000000000000e+05 , 9.552720000000000000e+05 , 2.735736000000000000e+06 , 3.137670000000000000e+06 , 1.249380000000000000e+06 , 0.000000000000000000e+00 , 0.000000000000000000e+00 , 0.000000000000000000e+00 , 0.000000000000000000e+00 , 0.000000000000000000e+00 , 0.000000000000000000e+00 , 0.000000000000000000e+00 , 0.000000000000000000e+00 , 0.000000000000000000e+00 , 0.000000000000000000e+00 , 0.000000000000000000e+00 , 0.000000000000000000e+00 , 0.000000000000000000e+00 , 0.000000000000000000e+00
0.000000000000000000e+00 , 5.110000000000000000e+02 , 1.494600000000000000e+04 , 7.394100000000000000e+04 , 1.175400000000000000e+05 , 5.850000000000000000e+04 , 0.000000000000000000e+00 , 0.000000000000000000e+00 , 0.000000000000000000e+00 , 0.000000000000000000e+00 , 0.000000000000000000e+00 , 0.000000000000000000e+00 , 0.000000000000000000e+00 , 0.000000000000000000e+00 , 0.000000000000000000e+00 , 0.000000000000000000e+00 , 0.000000000000000000e+00 , 0.000000000000000000e+00 , 0.000000000000000000e+00 , 0.000000000000000000e+00 , 0.000000000000000000e+00
0.000000000000000000e+00 , 9.600000000000000000e+01 , 1.324000000000000000e+03 , 3.381000000000000000e+03 , 2.244000000000000000e+03 , 0.000000000000000000e+00 , 0.000000000000000000e+00 , 0.000000000000000000e+00 , 0.000000000000000000e+00 , 0.000000000000000000e+00 , 0.000000000000000000e+00 , 0.000000000000000000e+00 , 0.000000000000000000e+00 , 0.000000000000000000e+00 , 0.000000000000000000e+00 , 0.000000000000000000e+00 , 0.000000000000000000e+00 , 0.000000000000000000e+00 , 0.000000000000000000e+00 , 0.000000000000000000e+00 , 0.000000000000000000e+00
0.000000000000000000e+00 , 1.200000000000000000e+01 , 7.200000000000000000e+01 , 7.200000000000000000e+01 , 0.000000000000000000e+00 , 0.000000000000000000e+00 , 0.000000000000000000e+00 , 0.000000000000000000e+00 , 0.000000000000000000e+00 , 0.000000000000000000e+00 , 0.000000000000000000e+00 , 0.000000000000000000e+00 , 0.000000000000000000e+00 , 0.000000000000000000e+00 , 0.000000000000000000e+00 , 0.000000000000000000e+00 , 0.000000000000000000e+00 , 0.000000000000000000e+00 , 0.000000000000000000e+00 , 0.000000000000000000e+00 , 0.000000000000000000e+00
0.000000000000000000e+00 , 1.000000000000000000e+00 , 2.000000000000000000e+00 , 0.000000000000000000e+00 , 0.000000000000000000e+00 , 0.000000000000000000e+00 , 0.000000000000000000e+00 , 0.000000000000000000e+00 , 0.000000000000000000e+00 , 0.000000000000000000e+00 , 0.000000000000000000e+00 , 0.000000000000000000e+00 , 0.000000000000000000e+00 , 0.000000000000000000e+00 , 0.000000000000000000e+00 , 0.000000000000000000e+00 , 0.000000000000000000e+00 , 0.000000000000000000e+00 , 0.000000000000000000e+00 , 0.000000000000000000e+00 , 0.000000000000000000e+00
0.000000000000000000e+00 , 0.000000000000000000e+00 , 0.000000000000000000e+00 , 0.000000000000000000e+00 , 0.000000000000000000e+00 , 0.000000000000000000e+00 , 0.000000000000000000e+00 , 0.000000000000000000e+00 , 0.000000000000000000e+00 , 0.000000000000000000e+00 , 0.000000000000000000e+00 , 0.000000000000000000e+00 , 0.000000000000000000e+00 , 0.000000000000000000e+00 , 0.000000000000000000e+00 , 0.000000000000000000e+00 , 0.000000000000000000e+00 , 0.000000000000000000e+00 , 0.000000000000000000e+00 , 0.000000000000000000e+00 , 0.000000000000000000e+00
0.000000000000000000e+00 , 0.000000000000000000e+00 , 0.000000000000000000e+00 , 0.000000000000000000e+00 , 0.000000000000000000e+00 , 0.000000000000000000e+00 , 0.000000000000000000e+00 , 0.000000000000000000e+00 , 0.000000000000000000e+00 , 0.000000000000000000e+00 , 0.000000000000000000e+00 , 0.000000000000000000e+00 , 0.000000000000000000e+00 , 0.000000000000000000e+00 , 0.000000000000000000e+00 , 0.000000000000000000e+00 , 0.000000000000000000e+00 , 0.000000000000000000e+00 , 0.000000000000000000e+00 , 0.000000000000000000e+00 , 0.000000000000000000e+00
0.000000000000000000e+00 , 0.000000000000000000e+00 , 0.000000000000000000e+00 , 0.000000000000000000e+00 , 0.000000000000000000e+00 , 0.000000000000000000e+00 , 0.000000000000000000e+00 , 0.000000000000000000e+00 , 0.000000000000000000e+00 , 0.000000000000000000e+00 , 0.000000000000000000e+00 , 0.000000000000000000e+00 , 0.000000000000000000e+00 , 0.000000000000000000e+00 , 0.000000000000000000e+00 , 0.000000000000000000e+00 , 0.000000000000000000e+00 , 0.000000000000000000e+00 , 0.000000000000000000e+00 , 0.000000000000000000e+00 , 0.000000000000000000e+00
0.000000000000000000e+00 , 0.000000000000000000e+00 , 0.000000000000000000e+00 , 0.000000000000000000e+00 , 0.000000000000000000e+00 , 0.000000000000000000e+00 , 0.000000000000000000e+00 , 0.000000000000000000e+00 , 0.000000000000000000e+00 , 0.000000000000000000e+00 , 0.000000000000000000e+00 , 0.000000000000000000e+00 , 0.000000000000000000e+00 , 0.000000000000000000e+00 , 0.000000000000000000e+00 , 0.000000000000000000e+00 , 0.000000000000000000e+00 , 0.000000000000000000e+00 , 0.000000000000000000e+00 , 0.000000000000000000e+00 , 0.000000000000000000e+00
0.000000000000000000e+00 , 0.000000000000000000e+00 , 0.000000000000000000e+00 , 0.000000000000000000e+00 , 0.000000000000000000e+00 , 0.000000000000000000e+00 , 0.000000000000000000e+00 , 0.000000000000000000e+00 , 0.000000000000000000e+00 , 0.000000000000000000e+00 , 0.000000000000000000e+00 , 0.000000000000000000e+00 , 0.000000000000000000e+00 , 0.000000000000000000e+00 , 0.000000000000000000e+00 , 0.000000000000000000e+00 , 0.000000000000000000e+00 , 0.000000000000000000e+00 , 0.000000000000000000e+00 , 0.000000000000000000e+00 , 0.000000000000000000e+00
0.000000000000000000e+00 , 0.000000000000000000e+00 , 0.000000000000000000e+00 , 0.000000000000000000e+00 , 0.000000000000000000e+00 , 0.000000000000000000e+00 , 0.000000000000000000e+00 , 0.000000000000000000e+00 , 0.000000000000000000e+00 , 0.000000000000000000e+00 , 0.000000000000000000e+00 , 0.000000000000000000e+00 , 0.000000000000000000e+00 , 0.000000000000000000e+00 , 0.000000000000000000e+00 , 0.000000000000000000e+00 , 0.000000000000000000e+00 , 0.000000000000000000e+00 , 0.000000000000000000e+00 , 0.000000000000000000e+00 , 0.000000000000000000e+00
