-1.000000000000000000e+00 , -1.000000000000000000e+00 , -1.000000000000000000e+00 , -1.000000000000000000e+00 , -1.000000000000000000e+00 , -1.000000000000000000e+00 , -1.000000000000000000e+00 , -1.000000000000000000e+00 , -1.000000000000000000e+00 , -1.000000000000000000e+00 , -1.000000000000000000e+00 , -1.000000000000000000e+00 , -1.000000000000000000e+00 , -1.000000000000000000e+00 , -1.000000000000000000e+00 , -1.000000000000000000e+00 , -1.000000000000000000e+00 , -1.000000000000000000e+00 , -1.000000000000000000e+00 , -1.000000000000000000e+00 , -1.000000000000000000e+00
0.000000000000000000e+00 , 0.000000000000000000e+00 , 0.000000000000000000e+00 , 0.000000000000000000e+00 , 0.000000000000000000e+00 , 0.000000000000000000e+00 , 0.000000000000000000e+00 , 0.000000000000000000e+00 , 0.000000000000000000e+00 , 0.000000000000000000e+00 , 0.000000000000000000e+00 , 0.000000000000000000e+00 , 0.000000000000000000e+00 , 0.000000000000000000e+00 , 0.000000000000000000e+00 , 0.000000000000000000e+00 , 0.000000000000000000e+00 , 0.000000000000000000e+00 , 0.000000000000000000e+00 , 0.000000000000000000e+00 , 0.000000000000000000e+00
0.000000000000000000e+00 , 1.000000000000000000e+00 , 2.621420000000000000e+05 , 3.866340600000000000e+08 , 6.717136764000000000e+10 , 3.474971465400000000e+12 , 7.969482074808000000e+13 , 9.952109163360000000e+14 , 7.621934141203200000e+15 , 3.852892761157440000e+16 , 1.346726200083264000e+17 , 3.349420647116544000e+17 , 6.017835369401856000e+17 , 7.836994486024704000e+17 , 7.330628971201536000e+17 , 4.801780279296000000e+17 , 2.091442077204480000e+17 , 5.442017649868800000e+16 , 6.402373705728000000e+15 , 0.000000000000000000e+00 , 0.000000000000000000e+00
0.000000000000000000e+00 , 7.200000000000000000e+01 , 9.043312000000000000e+06 , 8.851241292000000000e+09 , 1.144224950544000000e+12 , 4.654699115088000000e+13 , 8.645463502228800000e+14 , 8.884906938396720000e+15 , 5.643535351745088000e+16 , 2.370227081487955200e+17 , 6.860228075068032000e+17 , 1.400737172620262400e+18 , 2.035738938509337600e+18 , 2.094971079340339200e+18 , 1.492598092611225600e+18 , 7.005610430058240000e+17 , 1.949271719915520000e+17 , 2.436458882457600000e+16 , 0.000000000000000000e+00 , 0.000000000000000000e+00 , 0.000000000000000000e+00
0.000000000000000000e+00 , 1.491000000000000000e+03 , 9.166549800000000000e+07 , 5.928371218800000000e+10 , 5.678807518120000000e+12 , 1.807145941719600000e+14 , 2.700730366656240000e+15 , 2.265870116377560000e+16 , 1.181880404518329600e+17 , 4.073364492765926400e+17 , 9.609765419701440000e+17 , 1.577905953774796800e+18 , 1.803320459456947200e+18 , 1.407683772855360000e+18 , 7.160898214229760000e+17 , 2.140473327632640000e+17 , 2.853171114393600000e+16 , 0.000000000000000000e+00 , 0.000000000000000000e+00 , 0.000000000000000000e+00 , 0.000000000000000000e+00
0.000000000000000000e+00 , 1.364500000000000000e+04 , 4.111191900000000000e+08 , 1.754636838360000000e+11 , 1.241070757807200000e+13 , 3.072461049330300000e+14 , 3.667177141713180000e+15 , 2.487884692155282000e+16 , 1.052791314910272000e+17 , 2.931525979076721920e+17 , 5.522569402416192000e+17 , 7.089757465212576000e+17 , 6.116587370308800000e+17 , 3.395197181664288000e+17 , 1.096074020897856000e+17 , 1.564746802819200000e+16 , 0.000000000000000000e+00 , 0.000000000000000000e+00 , 0.000000000000000000e+00 , 0.000000000000000000e+00 , 0.000000000000000000e+00
0.000000000000000000e+00 , 6.606900000000000000e+04 , 9.819764940000000000e+08 , 2.766838684860000000e+11 , 1.440366195648000000e+13 , 2.757221746405800000e+14 , 2.605580055480168000e+15 , 1.412979439710300000e+16 , 4.777891431121536000e+16 , 1.053357262201087200e+17 , 1.540961908293931200e+17 , 1.485086861463004800e+17 , 9.068513463801792000e+16 , 3.181941477082368000e+16 , 4.889395914923520000e+15 , 0.000000000000000000e+00 , 0.000000000000000000e+00 , 0.000000000000000000e+00 , 0.000000000000000000e+00 , 0.000000000000000000e+00 , 0.000000000000000000e+00
0.000000000000000000e+00 , 1.886380000000000000e+05 , 1.393093148000000000e+09 , 2.593512073890000000e+11 , 9.899443780204000000e+12 , 1.454529851679200000e+14 , 1.076688614008584000e+15 , 4.599512027560821000e+15 , 1.218402405604994400e+16 , 2.068855047723189600e+16 , 2.257177181414400000e+16 , 1.531435937369184000e+16 , 5.884845090949440000e+15 , 9.790961971190400000e+14 , 0.000000000000000000e+00 , 0.000000000000000000e+00 , 0.000000000000000000e+00 , 0.000000000000000000e+00 , 0.000000000000000000e+00 , 0.000000000000000000e+00 , 0.000000000000000000e+00
0.000000000000000000e+00 , 3.416530000000000000e+05 , 1.262903658000000000e+09 , 1.553742147930000000e+11 , 4.325605752716000000e+12 , 4.831834678439500000e+13 , 2.762889525575820000e+14 , 9.119116241283930000e+14 , 1.841407877458248000e+15 , 2.313297515013480000e+15 , 1.765462255464960000e+15 , 7.498308320632800000e+14 , 1.360277386617600000e+14 , 0.000000000000000000e+00 , 0.000000000000000000e+00 , 0.000000000000000000e+00 , 0.000000000000000000e+00 , 0.000000000000000000e+00 , 0.000000000000000000e+00 , 0.000000000000000000e+00 , 0.000000000000000000e+00
0.000000000000000000e+00 , 4.141160000000000000e+05 , 7.708700720000000000e+08 , 6.258072943500000000e+10 , 1.260940940212000000e+12 , 1.056984393141500000e+13 , 4.581480864749400000e+13 , 1.137196272178610000e+14 , 1.681807245273040000e+14 , 1.466309533687110000e+14 , 6.961105076445000000e+13 , 1.388529039645000000e+13 , 0.000000000000000000e+00 , 0.000000000000000000e+00 , 0.000000000000000000e+00 , 0.000000000000000000e+00 , 0.000000000000000000e+00 , 0.000000000000000000e+00 , 0.000000000000000000e+00 , 0.000000000000000000e+00 , 0.000000000000000000e+00
0.000000000000000000e+00 , 3.497030000000000000e+05 , 3.290763020000000000e+08 , 1.755589611300000000e+10 , 2.531242944920000000e+11 , 1.563724182875000000e+12 , 5.003024630718000000e+12 , 8.974777680995000000e+12 , 9.119833519704000000e+12 , 4.907580912873000000e+12 , 1.087327768410000000e+12 , 0.000000000000000000e+00 , 0.000000000000000000e+00 , 0.000000000000000000e+00 , 0.000000000000000000e+00 , 0.000000000000000000e+00 , 0.000000000000000000e+00 , 0.000000000000000000e+00 , 0.000000000000000000e+00 , 0.000000000000000000e+00 , 0.000000000000000000e+00
0.000000000000000000e+00 , 2.118910000000000000e+05 , 1.009086980000000000e+08 , 3.510412587000000000e+09 , 3.562320554800000000e+10 , 1.580389973300000000e+11 , 3.587910790680000000e+11 , 4.364633119140000000e+11 , 2.710397006880000000e+11 , 6.754212820800000000e+10 , 0.000000000000000000e+00 , 0.000000000000000000e+00 , 0.000000000000000000e+00 , 0.000000000000000000e+00 , 0.000000000000000000e+00 , 0.000000000000000000e+00 , 0.000000000000000000e+00 , 0.000000000000000000e+00 , 0.000000000000000000e+00 , 0.000000000000000000e+00 , 0.000000000000000000e+00
0.000000000000000000e+00 , 9.397500000000000000e+04 , 2.261009000000000000e+07 , 5.063400660000000000e+08 , 3.529149568000000000e+09 , 1.081575410000000000e+10 , 1.635403341600000000e+10 , 1.200074160600000000e+10 , 3.417214416000000000e+09 , 0.000000000000000000e+00 , 0.000000000000000000e+00 , 0.000000000000000000e+00 , 0.000000000000000000e+00 , 0.000000000000000000e+00 , 0.000000000000000000e+00 , 0.000000000000000000e+00 , 0.000000000000000000e+00 , 0.000000000000000000e+00 , 0.000000000000000000e+00 , 0.000000000000000000e+00 , 0.000000000000000000e+00
0.000000000000000000e+00 , 3.084600000000000000e+04 , 3.731332000000000000e+06 , 5.269347600000000000e+07 , 2.430021440000000000e+08 , 4.831751450000000000e+08 , 4.329589620000000000e+08 , 1.438196340000000000e+08 , 0.000000000000000000e+00 , 0.000000000000000000e+00 , 0.000000000000000000e+00 , 0.000000000000000000e+00 , 0.000000000000000000e+00 , 0.000000000000000000e+00 , 0.000000000000000000e+00 , 0.000000000000000000e+00 , 0.000000000000000000e+00 , 0.000000000000000000e+00 , 0.000000000000000000e+00 , 0.000000000000000000e+00 , 0.000000000000000000e+00
0.000000000000000000e+00 , 7.516000000000000000e+03 , 4.526120000000000000e+05 , 3.897981000000000000e+06 , 1.118619600000000000e+07 , 1.284763500000000000e+07 , 5.121090000000000000e+06 , 0.000000000000000000e+00 , 0.000000000000000000e+00 , 0.000000000000000000e+00 , 0.000000000000000000e+00 , 0.000000000000000000e+00 , 0.000000000000000000e+00 , 0.000000000000000000e+00 , 0.000000000000000000e+00 , 0.000000000000000000e+00 , 0.000000000000000000e+00 , 0.000000000000000000e+00 , 0.000000000000000000e+00 , 0.000000000000000000e+00 , 0.000000000000000000e+00
0.000000000000000000e+00 , 1.350000000000000000e+03 , 3.974000000000000000e+04 , 1.971210000000000000e+05 , 3.138520000000000000e+05 , 1.563800000000000000e+05 , 0.000000000000000000e+00 , 0.000000000000000000e+00 , 0.000000000000000000e+00 , 0.000000000000000000e+00 , 0.000000000000000000e+00 , 0.000000000000000000e+00 , 0.000000000000000000e+00 , 0.000000000000000000e+00 , 0.000000000000000000e+00 , 0.000000000000000000e+00 , 0.000000000000000000e+00 , 0.000000000000000000e+00 , 0.000000000000000000e+00 , 0.000000000000000000e+00 , 0.000000000000000000e+00
0.000000000000000000e+00 , 1.760000000000000000e+02 , 2.436000000000000000e+03 , 6.231000000000000000e+03 , 4.140000000000000000e+03 , 0.000000000000000000e+00 , 0.000000000000000000e+00 , 0.000000000000000000e+00 , 0.000000000000000000e+00 , 0.000000000000000000e+00 , 0.000000000000000000e+00 , 0.000000000000000000e+00 , 0.000000000000000000e+00 , 0.000000000000000000e+00 , 0.000000000000000000e+00 , 0.000000000000000000e+00 , 0.000000000000000000e+00 , 0.000000000000000000e+00 , 0.000000000000000000e+00 , 0.000000000000000000e+00 , 0.000000000000000000e+00
0.000000000000000000e+00 , 1.600000000000000000e+01 , 9.600000000000000000e+01 , 9.600000000000000000e+01 , 0.000000000000000000e+00 , 0.000000000000000000e+00 , 0.000000000000000000e+00 , 0.000000000000000000e+00 , 0.000000000000000000e+00 , 0.000000000000000000e+00 , 0.000000000000000000e+00 , 0.000000000000000000e+00 , 0.000000000000000000e+00 , 0.000000000000000000e+00 , 0.000000000000000000e+00 , 0.000000000000000000e+00 , 0.000000000000000000e+00 , 0.000000000000000000e+00 , 0.000000000000000000e+00 , 0.000000000000000000e+00 , 0.000000000000000000e+00
0.000000000000000000e+00 , 1.000000000000000000e+00 , 2.000000000000000000e+00 , 0.000000000000000000e+00 , 0.000000000000000000e+00 , 0.000000000000000000e+00 , 0.000000000000000000e+00 , 0.000000000000000000e+00 , 0.000000000000000000e+00 , 0.000000000000000000e+00 , 0.000000000000000000e+00 , 0.000000000000000000e+00 , 0.000000000000000000e+00 , 0.000000000000000000e+00 , 0.000000000000000000e+00 , 0.000000000000000000e+00 , 0.000000000000000000e+00 , 0.000000000000000000e+00 , 0.000000000000000000e+00 , 0.000000000000000000e+00 , 0.000000000000000000e+00
0.000000000000000000e+00 , 0.000000000000000000e+00 , 0.000000000000000000e+00 , 0.000000000000000000e+00 , 0.000000000000000000e+00 , 0.000000000000000000e+00 , 0.000000000000000000e+00 , 0.000000000000000000e+00 , 0.000000000000000000e+00 , 0.000000000000000000e+00 , 0.000000000000000000e+00 , 0.000000000000000000e+00 , 0.000000000000000000e+00 , 0.000000000000000000e+00 , 0.000000000000000000e+00 , 0.000000000000000000e+00 , 0.000000000000000000e+00 , 0.000000000000000000e+00 , 0.000000000000000000e+00 , 0.000000000000000000e+00 , 0.000000000000000000e+00
0.000000000000000000e+00 , 0.000000000000000000e+00 , 0.000000000000000000e+00 , 0.000000000000000000e+00 , 0.000000000000000000e+00 , 0.000000000000000000e+00 , 0.000000000000000000e+00 , 0.000000000000000000e+00 , 0.000000000000000000e+00 , 0.000000000000000000e+00 , 0.000000000000000000e+00 , 0.000000000000000000e+00 , 0.000000000000000000e+00 , 0.000000000000000000e+00 , 0.000000000000000000e+00 , 0.000000000000000000e+00 , 0.000000000000000000e+00 , 0.000000000000000000e+00 , 0.000000000000000000e+00 , 0.000000000000000000e+00 , 0.000000000000000000e+00
