-1.000000000000000000e+00 , -1.000000000000000000e+00 , -1.000000000000000000e+00 , -1.000000000000000000e+00 , -1.000000000000000000e+00 , -1.000000000000000000e+00 , -1.000000000000000000e+00 , -1.000000000000000000e+00 , -1.000000000000000000e+00 , -1.000000000000000000e+00 , -1.000000000000000000e+00 , -1.000000000000000000e+00 , -1.000000000000000000e+00 , -1.000000000000000000e+00 , -1.000000000000000000e+00 , -1.000000000000000000e+00 , -1.000000000000000000e+00 , -1.000000000000000000e+00 , -1.000000000000000000e+00 , -1.000000000000000000e+00 , -1.000000000000000000e+00
0.000000000000000000e+00 , 0.000000000000000000e+00 , 0.000000000000000000e+00 , 0.000000000000000000e+00 , 0.000000000000000000e+00 , 0.000000000000000000e+00 , 0.000000000000000000e+00 , 0.000000000000000000e+00 , 0.000000000000000000e+00 , 0.000000000000000000e+00 , 0.000000000000000000e+00 , 0.000000000000000000e+00 , 0.000000000000000000e+00 , 0.000000000000000000e+00 , 0.000000000000000000e+00 , 0.000000000000000000e+00 , 0.000000000000000000e+00 , 0.000000000000000000e+00 , 0.000000000000000000e+00 , 0.000000000000000000e+00 , 0.000000000000000000e+00
0.000000000000000000e+00 , 1.000000000000000000e+00 , 6.200000000000000000e+01 , 5.400000000000000000e+02 , 1.560000000000000000e+03 , 1.800000000000000000e+03 , 7.200000000000000000e+02 , 0.000000000000000000e+00 , 0.000000000000000000e+00 , 0.000000000000000000e+00 , 0.000000000000000000e+00 , 0.000000000000000000e+00 , 0.000000000000000000e+00 , 0.000000000000000000e+00 , 0.000000000000000000e+00 , 0.000000000000000000e+00 , 0.000000000000000000e+00 , 0.000000000000000000e+00 , 0.000000000000000000e+00 , 0.000000000000000000e+00 , 0.000000000000000000e+00
0.000000000000000000e+00 , 6.000000000000000000e+00 , 1.720000000000000000e+02 , 8.430000000000000000e+02 , 1.332000000000000000e+03 , 6.600000000000000000e+02 , 0.000000000000000000e+00 , 0.000000000000000000e+00 , 0.000000000000000000e+00 , 0.000000000000000000e+00 , 0.000000000000000000e+00 , 0.000000000000000000e+00 , 0.000000000000000000e+00 , 0.000000000000000000e+00 , 0.000000000000000000e+00 , 0.000000000000000000e+00 , 0.000000000000000000e+00 , 0.000000000000000000e+00 , 0.000000000000000000e+00 , 0.000000000000000000e+00 , 0.000000000000000000e+00
0.000000000000000000e+00 , 8.000000000000000000e+00 , 1.080000000000000000e+02 , 2.730000000000000000e+02 , 1.800000000000000000e+02 , 0.000000000000000000e+00 , 0.000000000000000000e+00 , 0.000000000000000000e+00 , 0.000000000000000000e+00 , 0.000000000000000000e+00 , 0.000000000000000000e+00 , 0.000000000000000000e+00 , 0.000000000000000000e+00 , 0.000000000000000000e+00 , 0.000000000000000000e+00 , 0.000000000000000000e+00 , 0.000000000000000000e+00 , 0.000000000000000000e+00 , 0.000000000000000000e+00 , 0.000000000000000000e+00 , 0.000000000000000000e+00
0.000000000000000000e+00 , 4.000000000000000000e+00 , 2.400000000000000000e+01 , 2.400000000000000000e+01 , 0.000000000000000000e+00 , 0.000000000000000000e+00 , 0.000000000000000000e+00 , 0.000000000000000000e+00 , 0.000000000000000000e+00 , 0.000000000000000000e+00 , 0.000000000000000000e+00 , 0.000000000000000000e+00 , 0.000000000000000000e+00 , 0.000000000000000000e+00 , 0.000000000000000000e+00 , 0.000000000000000000e+00 , 0.000000000000000000e+00 , 0.000000000000000000e+00 , 0.000000000000000000e+00 , 0.000000000000000000e+00 , 0.000000000000000000e+00
0.000000000000000000e+00 , 1.000000000000000000e+00 , 2.000000000000000000e+00 , 0.000000000000000000e+00 , 0.000000000000000000e+00 , 0.000000000000000000e+00 , 0.000000000000000000e+00 , 0.000000000000000000e+00 , 0.000000000000000000e+00 , 0.000000000000000000e+00 , 0.000000000000000000e+00 , 0.000000000000000000e+00 , 0.000000000000000000e+00 , 0.000000000000000000e+00 , 0.000000000000000000e+00 , 0.000000000000000000e+00 , 0.000000000000000000e+00 , 0.000000000000000000e+00 , 0.000000000000000000e+00 , 0.000000000000000000e+00 , 0.000000000000000000e+00
0.000000000000000000e+00 , 0.000000000000000000e+00 , 0.000000000000000000e+00 , 0.000000000000000000e+00 , 0.000000000000000000e+00 , 0.000000000000000000e+00 , 0.000000000000000000e+00 , 0.000000000000000000e+00 , 0.000000000000000000e+00 , 0.000000000000000000e+00 , 0.000000000000000000e+00 , 0.000000000000000000e+00 , 0.000000000000000000e+00 , 0.000000000000000000e+00 , 0.000000000000000000e+00 , 0.000000000000000000e+00 , 0.000000000000000000e+00 , 0.000000000000000000e+00 , 0.000000000000000000e+00 , 0.000000000000000000e+00 , 0.000000000000000000e+00
0.000000000000000000e+00 , 0.000000000000000000e+00 , 0.000000000000000000e+00 , 0.000000000000000000e+00 , 0.000000000000000000e+00 , 0.000000000000000000e+00 , 0.000000000000000000e+00 , 0.000000000000000000e+00 , 0.000000000000000000e+00 , 0.000000000000000000e+00 , 0.000000000000000000e+00 , 0.000000000000000000e+00 , 0.000000000000000000e+00 , 0.000000000000000000e+00 , 0.000000000000000000e+00 , 0.000000000000000000e+00 , 0.000000000000000000e+00 , 0.000000000000000000e+00 , 0.000000000000000000e+00 , 0.000000000000000000e+00 , 0.000000000000000000e+00
0.000000000000000000e+00 , 0.000000000000000000e+00 , 0.000000000000000000e+00 , 0.000000000000000000e+00 , 0.000000000000000000e+00 , 0.000000000000000000e+00 , 0.000000000000000000e+00 , 0.000000000000000000e+00 , 0.000000000000000000e+00 , 0.000000000000000000e+00 , 0.000000000000000000e+00 , 0.000000000000000000e+00 , 0.000000000000000000e+00 , 0.000000000000000000e+00 , 0.000000000000000000e+00 , 0.000000000000000000e+00 , 0.000000000000000000e+00 , 0.000000000000000000e+00 , 0.000000000000000000e+00 , 0.000000000000000000e+00 , 0.000000000000000000e+00
0.000000000000000000e+00 , 0.000000000000000000e+00 , 0.000000000000000000e+00 , 0.000000000000000000e+00 , 0.000000000000000000e+00 , 0.000000000000000000e+00 , 0.000000000000000000e+00 , 0.000000000000000000e+00 , 0.000000000000000000e+00 , 0.000000000000000000e+00 , 0.000000000000000000e+00 , 0.000000000000000000e+00 , 0.000000000000000000e+00 , 0.000000000000000000e+00 , 0.000000000000000000e+00 , 0.000000000000000000e+00 , 0.000000000000000000e+00 , 0.000000000000000000e+00 , 0.000000000000000000e+00 , 0.000000000000000000e+00 , 0.000000000000000000e+00
0.000000000000000000e+00 , 0.000000000000000000e+00 , 0.000000000000000000e+00 , 0.000000000000000000e+00 , 0.000000000000000000e+00 , 0.000000000000000000e+00 , 0.000000000000000000e+00 , 0.000000000000000000e+00 , 0.000000000000000000e+00 , 0.000000000000000000e+00 , 0.000000000000000000e+00 , 0.000000000000000000e+00 , 0.000000000000000000e+00 , 0.000000000000000000e+00 , 0.000000000000000000e+00 , 0.000000000000000000e+00 , 0.000000000000000000e+00 , 0.000000000000000000e+00 , 0.000000000000000000e+00 , 0.000000000000000000e+00 , 0.000000000000000000e+00
0.000000000000000000e+00 , 0.000000000000000000e+00 , 0.000000000000000000e+00 , 0.000000000000000000e+00 , 0.000000000000000000e+00 , 0.000000000000000000e+00 , 0.000000000000000000e+00 , 0.000000000000000000e+00 , 0.000000000000000000e+00 , 0.000000000000000000e+00 , 0.000000000000000000e+00 , 0.000000000000000000e+00 , 0.000000000000000000e+00 , 0.000000000000000000e+00 , 0.000000000000000000e+00 , 0.000000000000000000e+00 , 0.000000000000000000e+00 , 0.000000000000000000e+00 , 0.000000000000000000e+00 , 0.000000000000000000e+00 , 0.000000000000000000e+00
0.000000000000000000e+00 , 0.000000000000000000e+00 , 0.000000000000000000e+00 , 0.000000000000000000e+00 , 0.000000000000000000e+00 , 0.000000000000000000e+00 , 0.000000000000000000e+00 , 0.000000000000000000e+00 , 0.000000000000000000e+00 , 0.000000000000000000e+00 , 0.000000000000000000e+00 , 0.000000000000000000e+00 , 0.000000000000000000e+00 , 0.000000000000000000e+00 , 0.000000000000000000e+00 , 0.000000000000000000e+00 , 0.000000000000000000e+00 , 0.000000000000000000e+00 , 0.000000000000000000e+00 , 0.000000000000000000e+00 , 0.000000000000000000e+00
0.000000000000000000e+00 , 0.000000000000000000e+00 , 0.000000000000000000e+00 , 0.000000000000000000e+00 , 0.000000000000000000e+00 , 0.000000000000000000e+00 , 0.000000000000000000e+00 , 0.000000000000000000e+00 , 0.000000000000000000e+00 , 0.000000000000000000e+00 , 0.000000000000000000e+00 , 0.000000000000000000e+00 , 0.000000000000000000e+00 , 0.000000000000000000e+00 , 0.000000000000000000e+00 , 0.000000000000000000e+00 , 0.000000000000000000e+00 , 0.000000000000000000e+00 , 0.000000000000000000e+00 , 0.000000000000000000e+00 , 0.000000000000000000e+00
0.000000000000000000e+00 , 0.000000000000000000e+00 , 0.000000000000000000e+00 , 0.000000000000000000e+00 , 0.000000000000000000e+00 , 0.000000000000000000e+00 , 0.000000000000000000e+00 , 0.000000000000000000e+00 , 0.000000000000000000e+00 , 0.000000000000000000e+00 , 0.000000000000000000e+00 , 0.000000000000000000e+00 , 0.000000000000000000e+00 , 0.000000000000000000e+00 , 0.000000000000000000e+00 , 0.000000000000000000e+00 , 0.000000000000000000e+00 , 0.000000000000000000e+00 , 0.000000000000000000e+00 , 0.000000000000000000e+00 , 0.000000000000000000e+00
0.000000000000000000e+00 , 0.000000000000000000e+00 , 0.000000000000000000e+00 , 0.000000000000000000e+00 , 0.000000000000000000e+00 , 0.000000000000000000e+00 , 0.000000000000000000e+00 , 0.000000000000000000e+00 , 0.000000000000000000e+00 , 0.000000000000000000e+00 , 0.000000000000000000e+00 , 0.000000000000000000e+00 , 0.000000000000000000e+00 , 0.000000000000000000e+00 , 0.000000000000000000e+00 , 0.000000000000000000e+00 , 0.000000000000000000e+00 , 0.000000000000000000e+00 , 0.000000000000000000e+00 , 0.000000000000000000e+00 , 0.000000000000000000e+00
0.000000000000000000e+00 , 0.000000000000000000e+00 , 0.000000000000000000e+00 , 0.000000000000000000e+00 , 0.000000000000000000e+00 , 0.000000000000000000e+00 , 0.000000000000000000e+00 , 0.000000000000000000e+00 , 0.000000000000000000e+00 , 0.000000000000000000e+00 , 0.000000000000000000e+00 , 0.000000000000000000e+00 , 0.000000000000000000e+00 , 0.000000000000000000e+00 , 0.000000000000000000e+00 , 0.000000000000000000e+00 , 0.000000000000000000e+00 , 0.000000000000000000e+00 , 0.000000000000000000e+00 , 0.000000000000000000e+00 , 0.000000000000000000e+00
0.000000000000000000e+00 , 0.000000000000000000e+00 , 0.000000000000000000e+00 , 0.000000000000000000e+00 , 0.000000000000000000e+00 , 0.000000000000000000e+00 , 0.000000000000000000e+00 , 0.000000000000000000e+00 , 0.000000000000000000e+00 , 0.000000000000000000e+00 , 0.000000000000000000e+00 , 0.000000000000000000e+00 , 0.000000000000000000e+00 , 0.000000000000000000e+00 , 0.000000000000000000e+00 , 0.000000000000000000e+00 , 0.000000000000000000e+00 , 0.000000000000000000e+00 , 0.000000000000000000e+00 , 0.000000000000000000e+00 , 0.000000000000000000e+00
0.000000000000000000e+00 , 0.000000000000000000e+00 , 0.000000000000000000e+00 , 0.000000000000000000e+00 , 0.000000000000000000e+00 , 0.000000000000000000e+00 , 0.000000000000000000e+00 , 0.000000000000000000e+00 , 0.000000000000000000e+00 , 0.000000000000000000e+00 , 0.000000000000000000e+00 , 0.000000000000000000e+00 , 0.000000000000000000e+00 , 0.000000000000000000e+00 , 0.000000000000000000e+00 , 0.000000000000000000e+00 , 0.000000000000000000e+00 , 0.000000000000000000e+00 , 0.000000000000000000e+00 , 0.000000000000000000e+00 , 0.000000000000000000e+00
0.000000000000000000e+00 , 0.000000000000000000e+00 , 0.000000000000000000e+00 , 0.000000000000000000e+00 , 0.000000000000000000e+00 , 0.000000000000000000e+00 , 0.000000000000000000e+00 , 0.000000000000000000e+00 , 0.000000000000000000e+00 , 0.000000000000000000e+00 , 0.000000000000000000e+00 , 0.000000000000000000e+00 , 0.000000000000000000e+00 , 0.000000000000000000e+00 , 0.000000000000000000e+00 , 0.000000000000000000e+00 , 0.000000000000000000e+00 , 0.000000000000000000e+00 , 0.000000000000000000e+00 , 0.000000000000000000e+00 , 0.000000000000000000e+00
