-1.000000000000000000e+00 , -1.000000000000000000e+00 , -1.000000000000000000e+00 , -1.000000000000000000e+00 , -1.000000000000000000e+00 , -1.000000000000000000e+00 , -1.000000000000000000e+00 , -1.000000000000000000e+00 , -1.000000000000000000e+00 , -1.000000000000000000e+00 , -1.000000000000000000e+00 , -1.000000000000000000e+00 , -1.000000000000000000e+00 , -1.000000000000000000e+00 , -1.000000000000000000e+00 , -1.000000000000000000e+00 , -1.000000000000000000e+00 , -1.000000000000000000e+00 , -1.000000000000000000e+00 , -1.000000000000000000e+00 , -1.000000000000000000e+00
0.000000000000000000e+00 , 0.000000000000000000e+00 , 0.000000000000000000e+00 , 0.000000000000000000e+00 , 0.000000000000000000e+00 , 0.000000000000000000e+00 , 0.000000000000000000e+00 , 0.000000000000000000e+00 , 0.000000000000000000e+00 , 0.000000000000000000e+00 , 0.000000000000000000e+00 , 0.000000000000000000e+00 , 0.000000000000000000e+00 , 0.000000000000000000e+00 , 0.000000000000000000e+00 , 0.000000000000000000e+00 , 0.000000000000000000e+00 , 0.000000000000000000e+00 , 0.000000000000000000e+00 , 0.000000000000000000e+00 , 0.000000000000000000e+00
0.000000000000000000e+00 , 9.000000000000000000e+00 , 1.114350000000000000e+06 , 1.094358150000000000e+09 , 1.416449004000000000e+11 , 5.765807101080000000e+12 , 1.071351903283200000e+14 , 1.101335210196480000e+15 , 6.996969816721920000e+15 , 2.939146181733888000e+16 , 8.508026518992000000e+16 , 1.737386029963584000e+17 , 2.525247356696064000e+17 , 2.598941345704704000e+17 , 1.851797672524800000e+17 , 8.692111524096000000e+16 , 2.418674511052800000e+16 , 3.023343138816000000e+15 , 0.000000000000000000e+00 , 0.000000000000000000e+00 , 0.000000000000000000e+00
0.000000000000000000e+00 , 3.990000000000000000e+02 , 2.468496200000000000e+07 , 1.602183550800000000e+10 , 1.537310159912000000e+12 , 4.896972097812000000e+13 , 7.323293303354400000e+14 , 6.147151623214560000e+15 , 3.207587372462592000e+16 , 1.105840375470028800e+17 , 2.609538118814592000e+17 , 4.285752013686528000e+17 , 4.898929585955328000e+17 , 3.824774062357248000e+17 , 1.945954004746752000e+17 , 5.817450960921600000e+16 , 7.755380785152000000e+15 , 0.000000000000000000e+00 , 0.000000000000000000e+00 , 0.000000000000000000e+00 , 0.000000000000000000e+00
0.000000000000000000e+00 , 6.037000000000000000e+03 , 1.821433100000000000e+08 , 7.793967654000000000e+10 , 5.520652298472000000e+12 , 1.367981404008300000e+14 , 1.633844358016380000e+15 , 1.108986628527288000e+16 , 4.694743525480848000e+16 , 1.307695487240419200e+17 , 2.464197000434064000e+17 , 3.164247440788896000e+17 , 2.730487479838272000e+17 , 1.515924928181664000e+17 , 4.894698171242880000e+16 , 6.988702200480000000e+15 , 0.000000000000000000e+00 , 0.000000000000000000e+00 , 0.000000000000000000e+00 , 0.000000000000000000e+00 , 0.000000000000000000e+00
0.000000000000000000e+00 , 4.304000000000000000e+04 , 6.382533920000000000e+08 , 1.800294356580000000e+11 , 9.379106671992000000e+12 , 1.796361846843400000e+14 , 1.698255840052920000e+15 , 9.212440249682040000e+15 , 3.115949610068736000e+16 , 6.871116385111104000e+16 , 1.005373933913664000e+17 , 9.690838479463680000e+16 , 5.918493666032640000e+16 , 2.076950813857920000e+16 , 3.191851510848000000e+15 , 0.000000000000000000e+00 , 0.000000000000000000e+00 , 0.000000000000000000e+00 , 0.000000000000000000e+00 , 0.000000000000000000e+00 , 0.000000000000000000e+00
0.000000000000000000e+00 , 1.701840000000000000e+05 , 1.248650016000000000e+09 , 2.323165249440000000e+11 , 8.866555373056000000e+12 , 1.302763533137000000e+14 , 9.643738395875040000e+14 , 4.119871627202436000e+15 , 1.091391059521190400e+16 , 1.853264058784437600e+16 , 2.022040669236840000e+16 , 1.371953179513224000e+16 , 5.272188123565440000e+15 , 8.771943746966400000e+14 , 0.000000000000000000e+00 , 0.000000000000000000e+00 , 0.000000000000000000e+00 , 0.000000000000000000e+00 , 0.000000000000000000e+00 , 0.000000000000000000e+00 , 0.000000000000000000e+00
0.000000000000000000e+00 , 4.105290000000000000e+05 , 1.502247154000000000e+09 , 1.844142813690000000e+11 , 5.129115613740000000e+12 , 5.726178476955000000e+13 , 3.273066615819240000e+14 , 1.080008416002054000e+15 , 2.180393158925520000e+15 , 2.738702752968672000e+15 , 2.089840800771360000e+15 , 8.875008715003200000e+14 , 1.609870010918400000e+14 , 0.000000000000000000e+00 , 0.000000000000000000e+00 , 0.000000000000000000e+00 , 0.000000000000000000e+00 , 0.000000000000000000e+00 , 0.000000000000000000e+00 , 0.000000000000000000e+00 , 0.000000000000000000e+00
0.000000000000000000e+00 , 6.458290000000000000e+05 , 1.186572882000000000e+09 , 9.599553777300000000e+10 , 1.930970572660000000e+12 , 1.616962257378000000e+13 , 7.003637656237200000e+13 , 1.737471345321320000e+14 , 2.568457700543040000e+14 , 2.238564785610510000e+14 , 1.062415412896500000e+14 , 2.118661366833000000e+13 , 0.000000000000000000e+00 , 0.000000000000000000e+00 , 0.000000000000000000e+00 , 0.000000000000000000e+00 , 0.000000000000000000e+00 , 0.000000000000000000e+00 , 0.000000000000000000e+00 , 0.000000000000000000e+00 , 0.000000000000000000e+00
0.000000000000000000e+00 , 6.952870000000000000e+05 , 6.446969060000000000e+08 , 3.424658559600000000e+10 , 4.926948276720000000e+11 , 3.039491379135000000e+12 , 9.715020384798000000e+12 , 1.741433016449000000e+13 , 1.768510741718400000e+13 , 9.511991622414000000e+12 , 2.106593631100000000e+12 , 0.000000000000000000e+00 , 0.000000000000000000e+00 , 0.000000000000000000e+00 , 0.000000000000000000e+00 , 0.000000000000000000e+00 , 0.000000000000000000e+00 , 0.000000000000000000e+00 , 0.000000000000000000e+00 , 0.000000000000000000e+00 , 0.000000000000000000e+00
0.000000000000000000e+00 , 5.311970000000000000e+05 , 2.491365260000000000e+08 , 8.626097013000000000e+09 , 8.731832279200000000e+10 , 3.867523740150000000e+11 , 8.770040416920000000e+11 , 1.065896230819000000e+12 , 6.614289893600000000e+11 , 1.647256601250000000e+11 , 0.000000000000000000e+00 , 0.000000000000000000e+00 , 0.000000000000000000e+00 , 0.000000000000000000e+00 , 0.000000000000000000e+00 , 0.000000000000000000e+00 , 0.000000000000000000e+00 , 0.000000000000000000e+00 , 0.000000000000000000e+00 , 0.000000000000000000e+00 , 0.000000000000000000e+00
0.000000000000000000e+00 , 2.954780000000000000e+05 , 7.005603200000000000e+07 , 1.561301745000000000e+09 , 1.085349053200000000e+10 , 3.320457485500000000e+10 , 5.014301505000000000e+10 , 3.675873356400000000e+10 , 1.045857753600000000e+10 , 0.000000000000000000e+00 , 0.000000000000000000e+00 , 0.000000000000000000e+00 , 0.000000000000000000e+00 , 0.000000000000000000e+00 , 0.000000000000000000e+00 , 0.000000000000000000e+00 , 0.000000000000000000e+00 , 0.000000000000000000e+00 , 0.000000000000000000e+00 , 0.000000000000000000e+00 , 0.000000000000000000e+00
0.000000000000000000e+00 , 1.217500000000000000e+05 , 1.452786000000000000e+07 , 2.041924770000000000e+08 , 9.391594680000000000e+08 , 1.864045165000000000e+09 , 1.668099618000000000e+09 , 5.535282060000000000e+08 , 0.000000000000000000e+00 , 0.000000000000000000e+00 , 0.000000000000000000e+00 , 0.000000000000000000e+00 , 0.000000000000000000e+00 , 0.000000000000000000e+00 , 0.000000000000000000e+00 , 0.000000000000000000e+00 , 0.000000000000000000e+00 , 0.000000000000000000e+00 , 0.000000000000000000e+00 , 0.000000000000000000e+00 , 0.000000000000000000e+00
0.000000000000000000e+00 , 3.747200000000000000e+04 , 2.229968000000000000e+06 , 1.911970500000000000e+07 , 5.472710000000000000e+07 , 6.274417000000000000e+07 , 2.497669200000000000e+07 , 0.000000000000000000e+00 , 0.000000000000000000e+00 , 0.000000000000000000e+00 , 0.000000000000000000e+00 , 0.000000000000000000e+00 , 0.000000000000000000e+00 , 0.000000000000000000e+00 , 0.000000000000000000e+00 , 0.000000000000000000e+00 , 0.000000000000000000e+00 , 0.000000000000000000e+00 , 0.000000000000000000e+00 , 0.000000000000000000e+00 , 0.000000000000000000e+00
0.000000000000000000e+00 , 8.631000000000000000e+03 , 2.512900000000000000e+05 , 1.241169000000000000e+06 , 1.971256000000000000e+06 , 9.805250000000000000e+05 , 0.000000000000000000e+00 , 0.000000000000000000e+00 , 0.000000000000000000e+00 , 0.000000000000000000e+00 , 0.000000000000000000e+00 , 0.000000000000000000e+00 , 0.000000000000000000e+00 , 0.000000000000000000e+00 , 0.000000000000000000e+00 , 0.000000000000000000e+00 , 0.000000000000000000e+00 , 0.000000000000000000e+00 , 0.000000000000000000e+00 , 0.000000000000000000e+00 , 0.000000000000000000e+00
0.000000000000000000e+00 , 1.474000000000000000e+03 , 2.022400000000000000e+04 , 5.153400000000000000e+04 , 3.416000000000000000e+04 , 0.000000000000000000e+00 , 0.000000000000000000e+00 , 0.000000000000000000e+00 , 0.000000000000000000e+00 , 0.000000000000000000e+00 , 0.000000000000000000e+00 , 0.000000000000000000e+00 , 0.000000000000000000e+00 , 0.000000000000000000e+00 , 0.000000000000000000e+00 , 0.000000000000000000e+00 , 0.000000000000000000e+00 , 0.000000000000000000e+00 , 0.000000000000000000e+00 , 0.000000000000000000e+00 , 0.000000000000000000e+00
0.000000000000000000e+00 , 1.840000000000000000e+02 , 1.088000000000000000e+03 , 1.080000000000000000e+03 , 0.000000000000000000e+00 , 0.000000000000000000e+00 , 0.000000000000000000e+00 , 0.000000000000000000e+00 , 0.000000000000000000e+00 , 0.000000000000000000e+00 , 0.000000000000000000e+00 , 0.000000000000000000e+00 , 0.000000000000000000e+00 , 0.000000000000000000e+00 , 0.000000000000000000e+00 , 0.000000000000000000e+00 , 0.000000000000000000e+00 , 0.000000000000000000e+00 , 0.000000000000000000e+00 , 0.000000000000000000e+00 , 0.000000000000000000e+00
0.000000000000000000e+00 , 1.600000000000000000e+01 , 3.200000000000000000e+01 , 0.000000000000000000e+00 , 0.000000000000000000e+00 , 0.000000000000000000e+00 , 0.000000000000000000e+00 , 0.000000000000000000e+00 , 0.000000000000000000e+00 , 0.000000000000000000e+00 , 0.000000000000000000e+00 , 0.000000000000000000e+00 , 0.000000000000000000e+00 , 0.000000000000000000e+00 , 0.000000000000000000e+00 , 0.000000000000000000e+00 , 0.000000000000000000e+00 , 0.000000000000000000e+00 , 0.000000000000000000e+00 , 0.000000000000000000e+00 , 0.000000000000000000e+00
0.000000000000000000e+00 , 1.000000000000000000e+00 , 0.000000000000000000e+00 , 0.000000000000000000e+00 , 0.000000000000000000e+00 , 0.000000000000000000e+00 , 0.000000000000000000e+00 , 0.000000000000000000e+00 , 0.000000000000000000e+00 , 0.000000000000000000e+00 , 0.000000000000000000e+00 , 0.000000000000000000e+00 , 0.000000000000000000e+00 , 0.000000000000000000e+00 , 0.000000000000000000e+00 , 0.000000000000000000e+00 , 0.000000000000000000e+00 , 0.000000000000000000e+00 , 0.000000000000000000e+00 , 0.000000000000000000e+00 , 0.000000000000000000e+00
0.000000000000000000e+00 , 0.000000000000000000e+00 , 0.000000000000000000e+00 , 0.000000000000000000e+00 , 0.000000000000000000e+00 , 0.000000000000000000e+00 , 0.000000000000000000e+00 , 0.000000000000000000e+00 , 0.000000000000000000e+00 , 0.000000000000000000e+00 , 0.000000000000000000e+00 , 0.000000000000000000e+00 , 0.000000000000000000e+00 , 0.000000000000000000e+00 , 0.000000000000000000e+00 , 0.000000000000000000e+00 , 0.000000000000000000e+00 , 0.000000000000000000e+00 , 0.000000000000000000e+00 , 0.000000000000000000e+00 , 0.000000000000000000e+00
0.000000000000000000e+00 , 0.000000000000000000e+00 , 0.000000000000000000e+00 , 0.000000000000000000e+00 , 0.000000000000000000e+00 , 0.000000000000000000e+00 , 0.000000000000000000e+00 , 0.000000000000000000e+00 , 0.000000000000000000e+00 , 0.000000000000000000e+00 , 0.000000000000000000e+00 , 0.000000000000000000e+00 , 0.000000000000000000e+00 , 0.000000000000000000e+00 , 0.000000000000000000e+00 , 0.000000000000000000e+00 , 0.000000000000000000e+00 , 0.000000000000000000e+00 , 0.000000000000000000e+00 , 0.000000000000000000e+00 , 0.000000000000000000e+00
