-1.000000000000000000e+00 , -1.000000000000000000e+00 , -1.000000000000000000e+00 , -1.000000000000000000e+00 , -1.000000000000000000e+00 , -1.000000000000000000e+00 , -1.000000000000000000e+00 , -1.000000000000000000e+00 , -1.000000000000000000e+00 , -1.000000000000000000e+00 , -1.000000000000000000e+00 , -1.000000000000000000e+00 , -1.000000000000000000e+00 , -1.000000000000000000e+00 , -1.000000000000000000e+00 , -1.000000000000000000e+00 , -1.000000000000000000e+00 , -1.000000000000000000e+00 , -1.000000000000000000e+00 , -1.000000000000000000e+00 , -1.000000000000000000e+00
0.000000000000000000e+00 , 0.000000000000000000e+00 , 0.000000000000000000e+00 , 0.000000000000000000e+00 , 0.000000000000000000e+00 , 0.000000000000000000e+00 , 0.000000000000000000e+00 , 0.000000000000000000e+00 , 0.000000000000000000e+00 , 0.000000000000000000e+00 , 0.000000000000000000e+00 , 0.000000000000000000e+00 , 0.000000000000000000e+00 , 0.000000000000000000e+00 , 0.000000000000000000e+00 , 0.000000000000000000e+00 , 0.000000000000000000e+00 , 0.000000000000000000e+00 , 0.000000000000000000e+00 , 0.000000000000000000e+00 , 0.000000000000000000e+00
0.000000000000000000e+00 , 1.000000000000000000e+00 , 1.260000000000000000e+02 , 1.806000000000000000e+03 , 8.400000000000000000e+03 , 1.680000000000000000e+04 , 1.512000000000000000e+04 , 5.040000000000000000e+03 , 0.000000000000000000e+00 , 0.000000000000000000e+00 , 0.000000000000000000e+00 , 0.000000000000000000e+00 , 0.000000000000000000e+00 , 0.000000000000000000e+00 , 0.000000000000000000e+00 , 0.000000000000000000e+00 , 0.000000000000000000e+00 , 0.000000000000000000e+00 , 0.000000000000000000e+00 , 0.000000000000000000e+00 , 0.000000000000000000e+00
0.000000000000000000e+00 , 9.000000000000000000e+00 , 5.180000000000000000e+02 , 4.413000000000000000e+03 , 1.261200000000000000e+04 , 1.446000000000000000e+04 , 5.760000000000000000e+03 , 0.000000000000000000e+00 , 0.000000000000000000e+00 , 0.000000000000000000e+00 , 0.000000000000000000e+00 , 0.000000000000000000e+00 , 0.000000000000000000e+00 , 0.000000000000000000e+00 , 0.000000000000000000e+00 , 0.000000000000000000e+00 , 0.000000000000000000e+00 , 0.000000000000000000e+00 , 0.000000000000000000e+00 , 0.000000000000000000e+00 , 0.000000000000000000e+00
0.000000000000000000e+00 , 1.800000000000000000e+01 , 5.080000000000000000e+02 , 2.481000000000000000e+03 , 3.916000000000000000e+03 , 1.940000000000000000e+03 , 0.000000000000000000e+00 , 0.000000000000000000e+00 , 0.000000000000000000e+00 , 0.000000000000000000e+00 , 0.000000000000000000e+00 , 0.000000000000000000e+00 , 0.000000000000000000e+00 , 0.000000000000000000e+00 , 0.000000000000000000e+00 , 0.000000000000000000e+00 , 0.000000000000000000e+00 , 0.000000000000000000e+00 , 0.000000000000000000e+00 , 0.000000000000000000e+00 , 0.000000000000000000e+00
0.000000000000000000e+00 , 1.400000000000000000e+01 , 1.880000000000000000e+02 , 4.740000000000000000e+02 , 3.120000000000000000e+02 , 0.000000000000000000e+00 , 0.000000000000000000e+00 , 0.000000000000000000e+00 , 0.000000000000000000e+00 , 0.000000000000000000e+00 , 0.000000000000000000e+00 , 0.000000000000000000e+00 , 0.000000000000000000e+00 , 0.000000000000000000e+00 , 0.000000000000000000e+00 , 0.000000000000000000e+00 , 0.000000000000000000e+00 , 0.000000000000000000e+00 , 0.000000000000000000e+00 , 0.000000000000000000e+00 , 0.000000000000000000e+00
0.000000000000000000e+00 , 5.000000000000000000e+00 , 3.000000000000000000e+01 , 3.000000000000000000e+01 , 0.000000000000000000e+00 , 0.000000000000000000e+00 , 0.000000000000000000e+00 , 0.000000000000000000e+00 , 0.000000000000000000e+00 , 0.000000000000000000e+00 , 0.000000000000000000e+00 , 0.000000000000000000e+00 , 0.000000000000000000e+00 , 0.000000000000000000e+00 , 0.000000000000000000e+00 , 0.000000000000000000e+00 , 0.000000000000000000e+00 , 0.000000000000000000e+00 , 0.000000000000000000e+00 , 0.000000000000000000e+00 , 0.000000000000000000e+00
0.000000000000000000e+00 , 1.000000000000000000e+00 , 2.000000000000000000e+00 , 0.000000000000000000e+00 , 0.000000000000000000e+00 , 0.000000000000000000e+00 , 0.000000000000000000e+00 , 0.000000000000000000e+00 , 0.000000000000000000e+00 , 0.000000000000000000e+00 , 0.000000000000000000e+00 , 0.000000000000000000e+00 , 0.000000000000000000e+00 , 0.000000000000000000e+00 , 0.000000000000000000e+00 , 0.000000000000000000e+00 , 0.000000000000000000e+00 , 0.000000000000000000e+00 , 0.000000000000000000e+00 , 0.000000000000000000e+00 , 0.000000000000000000e+00
0.000000000000000000e+00 , 0.000000000000000000e+00 , 0.000000000000000000e+00 , 0.000000000000000000e+00 , 0.000000000000000000e+00 , 0.000000000000000000e+00 , 0.000000000000000000e+00 , 0.000000000000000000e+00 , 0.000000000000000000e+00 , 0.000000000000000000e+00 , 0.000000000000000000e+00 , 0.000000000000000000e+00 , 0.000000000000000000e+00 , 0.000000000000000000e+00 , 0.000000000000000000e+00 , 0.000000000000000000e+00 , 0.000000000000000000e+00 , 0.000000000000000000e+00 , 0.000000000000000000e+00 , 0.000000000000000000e+00 , 0.000000000000000000e+00
0.000000000000000000e+00 , 0.000000000000000000e+00 , 0.000000000000000000e+00 , 0.000000000000000000e+00 , 0.000000000000000000e+00 , 0.000000000000000000e+00 , 0.000000000000000000e+00 , 0.000000000000000000e+00 , 0.000000000000000000e+00 , 0.000000000000000000e+00 , 0.000000000000000000e+00 , 0.000000000000000000e+00 , 0.000000000000000000e+00 , 0.000000000000000000e+00 , 0.000000000000000000e+00 , 0.000000000000000000e+00 , 0.000000000000000000e+00 , 0.000000000000000000e+00 , 0.000000000000000000e+00 , 0.000000000000000000e+00 , 0.000000000000000000e+00
0.000000000000000000e+00 , 0.000000000000000000e+00 , 0.000000000000000000e+00 , 0.000000000000000000e+00 , 0.000000000000000000e+00 , 0.000000000000000000e+00 , 0.000000000000000000e+00 , 0.000000000000000000e+00 , 0.000000000000000000e+00 , 0.000000000000000000e+00 , 0.000000000000000000e+00 , 0.000000000000000000e+00 , 0.000000000000000000e+00 , 0.000000000000000000e+00 , 0.000000000000000000e+00 , 0.000000000000000000e+00 , 0.000000000000000000e+00 , 0.000000000000000000e+00 , 0.000000000000000000e+00 , 0.000000000000000000e+00 , 0.000000000000000000e+00
0.000000000000000000e+00 , 0.000000000000000000e+00 , 0.000000000000000000e+00 , 0.000000000000000000e+00 , 0.000000000000000000e+00 , 0.000000000000000000e+00 , 0.000000000000000000e+00 , 0.000000000000000000e+00 , 0.000000000000000000e+00 , 0.000000000000000000e+00 , 0.000000000000000000e+00 , 0.000000000000000000e+00 , 0.000000000000000000e+00 , 0.000000000000000000e+00 , 0.000000000000000000e+00 , 0.000000000000000000e+00 , 0.000000000000000000e+00 , 0.000000000000000000e+00 , 0.000000000000000000e+00 , 0.000000000000000000e+00 , 0.000000000000000000e+00
0.000000000000000000e+00 , 0.000000000000000000e+00 , 0.000000000000000000e+00 , 0.000000000000000000e+00 , 0.000000000000000000e+00 , 0.000000000000000000e+00 , 0.000000000000000000e+00 , 0.000000000000000000e+00 , 0.000000000000000000e+00 , 0.000000000000000000e+00 , 0.000000000000000000e+00 , 0.000000000000000000e+00 , 0.000000000000000000e+00 , 0.000000000000000000e+00 , 0.000000000000000000e+00 , 0.000000000000000000e+00 , 0.000000000000000000e+00 , 0.000000000000000000e+00 , 0.000000000000000000e+00 , 0.000000000000000000e+00 , 0.000000000000000000e+00
0.000000000000000000e+00 , 0.000000000000000000e+00 , 0.000000000000000000e+00 , 0.000000000000000000e+00 , 0.000000000000000000e+00 , 0.000000000000000000e+00 , 0.000000000000000000e+00 , 0.000000000000000000e+00 , 0.000000000000000000e+00 , 0.000000000000000000e+00 , 0.000000000000000000e+00 , 0.000000000000000000e+00 , 0.000000000000000000e+00 , 0.000000000000000000e+00 , 0.000000000000000000e+00 , 0.000000000000000000e+00 , 0.000000000000000000e+00 , 0.000000000000000000e+00 , 0.000000000000000000e+00 , 0.000000000000000000e+00 , 0.000000000000000000e+00
0.000000000000000000e+00 , 0.000000000000000000e+00 , 0.000000000000000000e+00 , 0.000000000000000000e+00 , 0.000000000000000000e+00 , 0.000000000000000000e+00 , 0.000000000000000000e+00 , 0.000000000000000000e+00 , 0.000000000000000000e+00 , 0.000000000000000000e+00 , 0.000000000000000000e+00 , 0.000000000000000000e+00 , 0.000000000000000000e+00 , 0.000000000000000000e+00 , 0.000000000000000000e+00 , 0.000000000000000000e+00 , 0.000000000000000000e+00 , 0.000000000000000000e+00 , 0.000000000000000000e+00 , 0.000000000000000000e+00 , 0.000000000000000000e+00
0.000000000000000000e+00 , 0.000000000000000000e+00 , 0.000000000000000000e+00 , 0.000000000000000000e+00 , 0.000000000000000000e+00 , 0.000000000000000000e+00 , 0.000000000000000000e+00 , 0.000000000000000000e+00 , 0.000000000000000000e+00 , 0.000000000000000000e+00 , 0.000000000000000000e+00 , 0.000000000000000000e+00 , 0.000000000000000000e+00 , 0.000000000000000000e+00 , 0.000000000000000000e+00 , 0.000000000000000000e+00 , 0.000000000000000000e+00 , 0.000000000000000000e+00 , 0.000000000000000000e+00 , 0.000000000000000000e+00 , 0.000000000000000000e+00
0.000000000000000000e+00 , 0.000000000000000000e+00 , 0.000000000000000000e+00 , 0.000000000000000000e+00 , 0.000000000000000000e+00 , 0.000000000000000000e+00 , 0.000000000000000000e+00 , 0.000000000000000000e+00 , 0.000000000000000000e+00 , 0.000000000000000000e+00 , 0.000000000000000000e+00 , 0.000000000000000000e+00 , 0.000000000000000000e+00 , 0.000000000000000000e+00 , 0.000000000000000000e+00 , 0.000000000000000000e+00 , 0.000000000000000000e+00 , 0.000000000000000000e+00 , 0.000000000000000000e+00 , 0.000000000000000000e+00 , 0.000000000000000000e+00
0.000000000000000000e+00 , 0.000000000000000000e+00 , 0.000000000000000000e+00 , 0.000000000000000000e+00 , 0.000000000000000000e+00 , 0.000000000000000000e+00 , 0.000000000000000000e+00 , 0.000000000000000000e+00 , 0.000000000000000000e+00 , 0.000000000000000000e+00 , 0.000000000000000000e+00 , 0.000000000000000000e+00 , 0.000000000000000000e+00 , 0.000000000000000000e+00 , 0.000000000000000000e+00 , 0.000000000000000000e+00 , 0.000000000000000000e+00 , 0.000000000000000000e+00 , 0.000000000000000000e+00 , 0.000000000000000000e+00 , 0.000000000000000000e+00
0.000000000000000000e+00 , 0.000000000000000000e+00 , 0.000000000000000000e+00 , 0.000000000000000000e+00 , 0.000000000000000000e+00 , 0.000000000000000000e+00 , 0.000000000000000000e+00 , 0.000000000000000000e+00 , 0.000000000000000000e+00 , 0.000000000000000000e+00 , 0.000000000000000000e+00 , 0.000000000000000000e+00 , 0.000000000000000000e+00 , 0.000000000000000000e+00 , 0.000000000000000000e+00 , 0.000000000000000000e+00 , 0.000000000000000000e+00 , 0.000000000000000000e+00 , 0.000000000000000000e+00 , 0.000000000000000000e+00 , 0.000000000000000000e+00
0.000000000000000000e+00 , 0.000000000000000000e+00 , 0.000000000000000000e+00 , 0.000000000000000000e+00 , 0.000000000000000000e+00 , 0.000000000000000000e+00 , 0.000000000000000000e+00 , 0.000000000000000000e+00 , 0.000000000000000000e+00 , 0.000000000000000000e+00 , 0.000000000000000000e+00 , 0.000000000000000000e+00 , 0.000000000000000000e+00 , 0.000000000000000000e+00 , 0.000000000000000000e+00 , 0.000000000000000000e+00 , 0.000000000000000000e+00 , 0.000000000000000000e+00 , 0.000000000000000000e+00 , 0.000000000000000000e+00 , 0.000000000000000000e+00
0.000000000000000000e+00 , 0.000000000000000000e+00 , 0.000000000000000000e+00 , 0.000000000000000000e+00 , 0.000000000000000000e+00 , 0.000000000000000000e+00 , 0.000000000000000000e+00 , 0.000000000000000000e+00 , 0.000000000000000000e+00 , 0.000000000000000000e+00 , 0.000000000000000000e+00 , 0.000000000000000000e+00 , 0.000000000000000000e+00 , 0.000000000000000000e+00 , 0.000000000000000000e+00 , 0.000000000000000000e+00 , 0.000000000000000000e+00 , 0.000000000000000000e+00 , 0.000000000000000000e+00 , 0.000000000000000000e+00 , 0.000000000000000000e+00
