-1.000000000000000000e+00 , -1.000000000000000000e+00 , -1.000000000000000000e+00 , -1.000000000000000000e+00 , -1.000000000000000000e+00 , -1.000000000000000000e+00 , -1.000000000000000000e+00 , -1.000000000000000000e+00 , -1.000000000000000000e+00 , -1.000000000000000000e+00 , -1.000000000000000000e+00 , -1.000000000000000000e+00 , -1.000000000000000000e+00 , -1.000000000000000000e+00 , -1.000000000000000000e+00 , -1.000000000000000000e+00 , -1.000000000000000000e+00 , -1.000000000000000000e+00 , -1.000000000000000000e+00 , -1.000000000000000000e+00 , -1.000000000000000000e+00
0.000000000000000000e+00 , 0.000000000000000000e+00 , 0.000000000000000000e+00 , 0.000000000000000000e+00 , 0.000000000000000000e+00 , 0.000000000000000000e+00 , 0.000000000000000000e+00 , 0.000000000000000000e+00 , 0.000000000000000000e+00 , 0.000000000000000000e+00 , 0.000000000000000000e+00 , 0.000000000000000000e+00 , 0.000000000000000000e+00 , 0.000000000000000000e+00 , 0.000000000000000000e+00 , 0.000000000000000000e+00 , 0.000000000000000000e+00 , 0.000000000000000000e+00 , 0.000000000000000000e+00 , 0.000000000000000000e+00 , 0.000000000000000000e+00
0.000000000000000000e+00 , 1.000000000000000000e+00 , 1.310700000000000000e+05 , 1.287469500000000000e+08 , 1.666409496000000000e+10 , 6.783301981200000000e+11 , 1.260413992656000000e+13 , 1.295688481214400000e+14 , 8.231729195289600000e+14 , 3.457819037312640000e+15 , 1.000944296352000000e+16 , 2.043983564663040000e+16 , 2.970879243171840000e+16 , 3.057578053770240000e+16 , 2.178585497088000000e+16 , 1.022601355776000000e+16 , 2.845499424768000000e+15 , 3.556874280960000000e+14 , 0.000000000000000000e+00 , 0.000000000000000000e+00 , 0.000000000000000000e+00
0.000000000000000000e+00 , 6.400000000000000000e+01 , 3.997312000000000000e+06 , 2.603091252000000000e+09 , 2.501249564640000000e+11 , 7.973944956720000000e+12 , 1.193115935116800000e+14 , 1.001882142691920000e+15 , 5.229364127460480000e+15 , 1.803287541146112000e+16 , 4.256185096840320000e+16 , 6.991255698134400000e+16 , 7.992649293995520000e+16 , 6.240926360148480000e+16 , 3.175582588738560000e+16 , 9.494369748864000000e+15 , 1.265828788224000000e+15 , 0.000000000000000000e+00 , 0.000000000000000000e+00 , 0.000000000000000000e+00 , 0.000000000000000000e+00
0.000000000000000000e+00 , 1.159000000000000000e+03 , 3.557515400000000000e+07 , 1.529083654200000000e+10 , 1.085363524672000000e+12 , 2.692855630076000000e+13 , 3.218987251699200000e+14 , 2.186321301323040000e+15 , 9.260155364382720000e+15 , 2.580423837384960000e+16 , 4.864171256058240000e+16 , 6.247860496416000000e+16 , 5.392770872670720000e+16 , 2.994658471284480000e+16 , 9.671254501708800000e+15 , 1.381122078336000000e+15 , 0.000000000000000000e+00 , 0.000000000000000000e+00 , 0.000000000000000000e+00 , 0.000000000000000000e+00 , 0.000000000000000000e+00
0.000000000000000000e+00 , 9.245000000000000000e+03 , 1.391558380000000000e+08 , 3.942604762200000000e+10 , 2.058491416960000000e+12 , 3.947905520625000000e+13 , 3.735813290687400000e+14 , 2.027986701390720000e+15 , 6.863178070193760000e+15 , 1.514129134908096000e+16 , 2.216320571656800000e+16 , 2.137037278511520000e+16 , 1.305537901113600000e+16 , 4.582659460579200000e+15 , 7.044260198976000000e+14 , 0.000000000000000000e+00 , 0.000000000000000000e+00 , 0.000000000000000000e+00 , 0.000000000000000000e+00 , 0.000000000000000000e+00 , 0.000000000000000000e+00
0.000000000000000000e+00 , 3.871300000000000000e+04 , 2.880601260000000000e+08 , 5.381323845900000000e+10 , 2.057995554556000000e+12 , 3.027651667343000000e+13 , 2.243233129684680000e+14 , 9.589760310642120000e+14 , 2.541789980999808000e+15 , 4.318079639558832000e+15 , 4.713109605237600000e+15 , 3.198886576411680000e+15 , 1.229631379764480000e+15 , 2.046399856300800000e+14 , 0.000000000000000000e+00 , 0.000000000000000000e+00 , 0.000000000000000000e+00 , 0.000000000000000000e+00 , 0.000000000000000000e+00 , 0.000000000000000000e+00 , 0.000000000000000000e+00
0.000000000000000000e+00 , 9.505200000000000000e+04 , 3.521843640000000000e+08 , 4.339469369700000000e+10 , 1.209207016516000000e+12 , 1.351571130855000000e+13 , 7.732065536770800000e+13 , 2.552981454984030000e+14 , 5.156788094675280000e+14 , 6.479996189738400000e+14 , 4.946527242468000000e+14 , 2.101319859592800000e+14 , 3.812710831776000000e+13 , 0.000000000000000000e+00 , 0.000000000000000000e+00 , 0.000000000000000000e+00 , 0.000000000000000000e+00 , 0.000000000000000000e+00 , 0.000000000000000000e+00 , 0.000000000000000000e+00 , 0.000000000000000000e+00
0.000000000000000000e+00 , 1.472280000000000000e+05 , 2.737461360000000000e+08 , 2.222584760700000000e+10 , 4.479005048680000000e+11 , 3.755054176465000000e+12 , 1.627816823334600000e+13 , 4.040917649185200000e+13 , 5.976681803092800000e+13 , 5.211281145319200000e+13 , 2.474163586872000000e+13 , 4.935528378000000000e+12 , 0.000000000000000000e+00 , 0.000000000000000000e+00 , 0.000000000000000000e+00 , 0.000000000000000000e+00 , 0.000000000000000000e+00 , 0.000000000000000000e+00 , 0.000000000000000000e+00 , 0.000000000000000000e+00 , 0.000000000000000000e+00
0.000000000000000000e+00 , 1.519450000000000000e+05 , 1.425269220000000000e+08 , 7.598454144000000000e+09 , 1.095238008800000000e+11 , 6.764937832150000000e+11 , 2.164168231758000000e+12 , 3.881957154166000000e+12 , 3.944491672768000000e+12 , 2.122531773849000000e+12 , 4.702552006500000000e+11 , 0.000000000000000000e+00 , 0.000000000000000000e+00 , 0.000000000000000000e+00 , 0.000000000000000000e+00 , 0.000000000000000000e+00 , 0.000000000000000000e+00 , 0.000000000000000000e+00 , 0.000000000000000000e+00 , 0.000000000000000000e+00 , 0.000000000000000000e+00
0.000000000000000000e+00 , 1.086920000000000000e+05 , 5.157534400000000000e+07 , 1.792394388000000000e+09 , 1.817983737600000000e+10 , 8.062785471500000000e+10 , 1.830067548540000000e+11 , 2.225878896780000000e+11 , 1.382070368640000000e+11 , 3.443704243200000000e+10 , 0.000000000000000000e+00 , 0.000000000000000000e+00 , 0.000000000000000000e+00 , 0.000000000000000000e+00 , 0.000000000000000000e+00 , 0.000000000000000000e+00 , 0.000000000000000000e+00 , 0.000000000000000000e+00 , 0.000000000000000000e+00 , 0.000000000000000000e+00 , 0.000000000000000000e+00
0.000000000000000000e+00 , 5.544500000000000000e+04 , 1.329379000000000000e+07 , 2.973930480000000000e+08 , 2.071655544000000000e+09 , 6.346705800000000000e+09 , 9.594097632000000000e+09 , 7.038837582000000000e+09 , 2.003990352000000000e+09 , 0.000000000000000000e+00 , 0.000000000000000000e+00 , 0.000000000000000000e+00 , 0.000000000000000000e+00 , 0.000000000000000000e+00 , 0.000000000000000000e+00 , 0.000000000000000000e+00 , 0.000000000000000000e+00 , 0.000000000000000000e+00 , 0.000000000000000000e+00 , 0.000000000000000000e+00 , 0.000000000000000000e+00
0.000000000000000000e+00 , 2.050300000000000000e+04 , 2.473498000000000000e+06 , 3.489833100000000000e+07 , 1.608555800000000000e+08 , 3.197294700000000000e+08 , 2.864283720000000000e+08 , 9.512672400000000000e+07 , 0.000000000000000000e+00 , 0.000000000000000000e+00 , 0.000000000000000000e+00 , 0.000000000000000000e+00 , 0.000000000000000000e+00 , 0.000000000000000000e+00 , 0.000000000000000000e+00 , 0.000000000000000000e+00 , 0.000000000000000000e+00 , 0.000000000000000000e+00 , 0.000000000000000000e+00 , 0.000000000000000000e+00 , 0.000000000000000000e+00
0.000000000000000000e+00 , 5.541000000000000000e+03 , 3.329300000000000000e+05 , 2.865000000000000000e+06 , 8.218192000000000000e+06 , 9.436035000000000000e+06 , 3.760410000000000000e+06 , 0.000000000000000000e+00 , 0.000000000000000000e+00 , 0.000000000000000000e+00 , 0.000000000000000000e+00 , 0.000000000000000000e+00 , 0.000000000000000000e+00 , 0.000000000000000000e+00 , 0.000000000000000000e+00 , 0.000000000000000000e+00 , 0.000000000000000000e+00 , 0.000000000000000000e+00 , 0.000000000000000000e+00 , 0.000000000000000000e+00 , 0.000000000000000000e+00
0.000000000000000000e+00 , 1.089000000000000000e+03 , 3.201400000000000000e+04 , 1.587120000000000000e+05 , 2.526160000000000000e+05 , 1.258400000000000000e+05 , 0.000000000000000000e+00 , 0.000000000000000000e+00 , 0.000000000000000000e+00 , 0.000000000000000000e+00 , 0.000000000000000000e+00 , 0.000000000000000000e+00 , 0.000000000000000000e+00 , 0.000000000000000000e+00 , 0.000000000000000000e+00 , 0.000000000000000000e+00 , 0.000000000000000000e+00 , 0.000000000000000000e+00 , 0.000000000000000000e+00 , 0.000000000000000000e+00 , 0.000000000000000000e+00
0.000000000000000000e+00 , 1.540000000000000000e+02 , 2.128000000000000000e+03 , 5.439000000000000000e+03 , 3.612000000000000000e+03 , 0.000000000000000000e+00 , 0.000000000000000000e+00 , 0.000000000000000000e+00 , 0.000000000000000000e+00 , 0.000000000000000000e+00 , 0.000000000000000000e+00 , 0.000000000000000000e+00 , 0.000000000000000000e+00 , 0.000000000000000000e+00 , 0.000000000000000000e+00 , 0.000000000000000000e+00 , 0.000000000000000000e+00 , 0.000000000000000000e+00 , 0.000000000000000000e+00 , 0.000000000000000000e+00 , 0.000000000000000000e+00
0.000000000000000000e+00 , 1.500000000000000000e+01 , 9.000000000000000000e+01 , 9.000000000000000000e+01 , 0.000000000000000000e+00 , 0.000000000000000000e+00 , 0.000000000000000000e+00 , 0.000000000000000000e+00 , 0.000000000000000000e+00 , 0.000000000000000000e+00 , 0.000000000000000000e+00 , 0.000000000000000000e+00 , 0.000000000000000000e+00 , 0.000000000000000000e+00 , 0.000000000000000000e+00 , 0.000000000000000000e+00 , 0.000000000000000000e+00 , 0.000000000000000000e+00 , 0.000000000000000000e+00 , 0.000000000000000000e+00 , 0.000000000000000000e+00
0.000000000000000000e+00 , 1.000000000000000000e+00 , 2.000000000000000000e+00 , 0.000000000000000000e+00 , 0.000000000000000000e+00 , 0.000000000000000000e+00 , 0.000000000000000000e+00 , 0.000000000000000000e+00 , 0.000000000000000000e+00 , 0.000000000000000000e+00 , 0.000000000000000000e+00 , 0.000000000000000000e+00 , 0.000000000000000000e+00 , 0.000000000000000000e+00 , 0.000000000000000000e+00 , 0.000000000000000000e+00 , 0.000000000000000000e+00 , 0.000000000000000000e+00 , 0.000000000000000000e+00 , 0.000000000000000000e+00 , 0.000000000000000000e+00
0.000000000000000000e+00 , 0.000000000000000000e+00 , 0.000000000000000000e+00 , 0.000000000000000000e+00 , 0.000000000000000000e+00 , 0.000000000000000000e+00 , 0.000000000000000000e+00 , 0.000000000000000000e+00 , 0.000000000000000000e+00 , 0.000000000000000000e+00 , 0.000000000000000000e+00 , 0.000000000000000000e+00 , 0.000000000000000000e+00 , 0.000000000000000000e+00 , 0.000000000000000000e+00 , 0.000000000000000000e+00 , 0.000000000000000000e+00 , 0.000000000000000000e+00 , 0.000000000000000000e+00 , 0.000000000000000000e+00 , 0.000000000000000000e+00
0.000000000000000000e+00 , 0.000000000000000000e+00 , 0.000000000000000000e+00 , 0.000000000000000000e+00 , 0.000000000000000000e+00 , 0.000000000000000000e+00 , 0.000000000000000000e+00 , 0.000000000000000000e+00 , 0.000000000000000000e+00 , 0.000000000000000000e+00 , 0.000000000000000000e+00 , 0.000000000000000000e+00 , 0.000000000000000000e+00 , 0.000000000000000000e+00 , 0.000000000000000000e+00 , 0.000000000000000000e+00 , 0.000000000000000000e+00 , 0.000000000000000000e+00 , 0.000000000000000000e+00 , 0.000000000000000000e+00 , 0.000000000000000000e+00
0.000000000000000000e+00 , 0.000000000000000000e+00 , 0.000000000000000000e+00 , 0.000000000000000000e+00 , 0.000000000000000000e+00 , 0.000000000000000000e+00 , 0.000000000000000000e+00 , 0.000000000000000000e+00 , 0.000000000000000000e+00 , 0.000000000000000000e+00 , 0.000000000000000000e+00 , 0.000000000000000000e+00 , 0.000000000000000000e+00 , 0.000000000000000000e+00 , 0.000000000000000000e+00 , 0.000000000000000000e+00 , 0.000000000000000000e+00 , 0.000000000000000000e+00 , 0.000000000000000000e+00 , 0.000000000000000000e+00 , 0.000000000000000000e+00
