-1.000000000000000000e+00 , -1.000000000000000000e+00 , -1.000000000000000000e+00 , -1.000000000000000000e+00 , -1.000000000000000000e+00 , -1.000000000000000000e+00 , -1.000000000000000000e+00 , -1.000000000000000000e+00 , -1.000000000000000000e+00 , -1.000000000000000000e+00 , -1.000000000000000000e+00 , -1.000000000000000000e+00 , -1.000000000000000000e+00 , -1.000000000000000000e+00 , -1.000000000000000000e+00 , -1.000000000000000000e+00 , -1.000000000000000000e+00 , -1.000000000000000000e+00 , -1.000000000000000000e+00 , -1.000000000000000000e+00 , -1.000000000000000000e+00
0.000000000000000000e+00 , 0.000000000000000000e+00 , 0.000000000000000000e+00 , 0.000000000000000000e+00 , 0.000000000000000000e+00 , 0.000000000000000000e+00 , 0.000000000000000000e+00 , 0.000000000000000000e+00 , 0.000000000000000000e+00 , 0.000000000000000000e+00 , 0.000000000000000000e+00 , 0.000000000000000000e+00 , 0.000000000000000000e+00 , 0.000000000000000000e+00 , 0.000000000000000000e+00 , 0.000000000000000000e+00 , 0.000000000000000000e+00 , 0.000000000000000000e+00 , 0.000000000000000000e+00 , 0.000000000000000000e+00 , 0.000000000000000000e+00
0.000000000000000000e+00 , 9.000000000000000000e+00 , 2.359278000000000000e+06 , 3.479706540000000000e+09 , 6.045423087600000000e+11 , 3.127474318860000000e+13 , 7.172533867327200000e+14 , 8.956898247024000000e+15 , 6.859740727082880000e+16 , 3.467603485041696000e+17 , 1.212053580074937600e+18 , 3.014478582404889600e+18 , 5.416051832461670400e+18 , 7.053295037422233600e+18 , 6.597566074081382400e+18 , 4.321602251366400000e+18 , 1.882297869484032000e+18 , 4.897815884881920000e+17 , 5.762136335155200000e+16 , 0.000000000000000000e+00 , 0.000000000000000000e+00
0.000000000000000000e+00 , 4.740000000000000000e+02 , 5.878561200000000000e+07 , 5.735559420000000000e+10 , 7.404767958384000000e+12 , 3.010040828138400000e+14 , 5.588052388843680000e+15 , 5.740838535075336000e+16 , 3.645518795728992000e+17 , 1.530759063532688640e+18 , 4.429761390188063744e+18 , 9.043469186036946944e+18 , 1.314153176996943462e+19 , 1.352241720033684480e+19 , 9.633343975640985600e+18 , 4.521083399344512000e+18 , 1.257867666671616000e+18 , 1.572138432184320000e+17 , 0.000000000000000000e+00 , 0.000000000000000000e+00 , 0.000000000000000000e+00
0.000000000000000000e+00 , 8.109000000000000000e+03 , 4.905718780000000000e+08 , 3.158868833340000000e+11 , 3.019775237908800000e+13 , 9.598195981525200000e+14 , 1.433255751450864000e+16 , 1.201756047598646400e+17 , 6.265434716481292800e+17 , 2.158568698730129408e+18 , 5.090818906033459200e+18 , 8.356770406524355584e+18 , 9.548348244932851712e+18 , 7.451961705565977600e+18 , 3.790120191367910400e+18 , 1.132721921979648000e+18 , 1.509649033052160000e+17 , 0.000000000000000000e+00 , 0.000000000000000000e+00 , 0.000000000000000000e+00 , 0.000000000000000000e+00
0.000000000000000000e+00 , 6.591000000000000000e+04 , 1.954906172000000000e+09 , 8.305996542870000000e+11 , 5.862152627494800000e+13 , 1.449341204578620000e+15 , 1.728289904082768000e+16 , 1.171697748854602240e+17 , 4.955545320458577920e+17 , 1.379270986443211776e+18 , 2.597373854758267392e+18 , 3.333381679424966656e+18 , 2.875020475396608000e+18 , 1.595470861695110400e+18 , 5.149525619766528000e+17 , 7.349947244640000000e+16 , 0.000000000000000000e+00 , 0.000000000000000000e+00 , 0.000000000000000000e+00 , 0.000000000000000000e+00 , 0.000000000000000000e+00
0.000000000000000000e+00 , 2.983470000000000000e+05 , 4.371202314000000000e+09 , 1.226510003133000000e+12 , 6.371875454800400000e+13 , 1.218183726916900000e+15 , 1.150158813059707200e+16 , 6.232989327927768000e+16 , 2.106513732785347200e+17 , 4.642077988408845440e+17 , 6.788394835326821120e+17 , 6.540151582080547840e+17 , 3.992547720220012800e+17 , 1.400547997764115200e+17 , 2.151612025250688000e+16 , 0.000000000000000000e+00 , 0.000000000000000000e+00 , 0.000000000000000000e+00 , 0.000000000000000000e+00 , 0.000000000000000000e+00 , 0.000000000000000000e+00
0.000000000000000000e+00 , 8.282880000000000000e+05 , 6.037793864000000000e+09 , 1.119779737761000000e+12 , 4.266090099185200000e+13 , 6.260735710704250000e+14 , 4.630503384287466000e+15 , 1.976846221006584800e+16 , 5.233967635228096800e+16 , 8.883580921284585600e+16 , 9.688784006866104000e+16 , 6.571569423650616000e+16 , 2.524574993526432000e+16 , 4.199277668826240000e+15 , 0.000000000000000000e+00 , 0.000000000000000000e+00 , 0.000000000000000000e+00 , 0.000000000000000000e+00 , 0.000000000000000000e+00 , 0.000000000000000000e+00 , 0.000000000000000000e+00
0.000000000000000000e+00 , 1.505449000000000000e+06 , 5.497975254000000000e+09 , 6.739859335560000000e+11 , 1.872959945101600000e+13 , 2.089746644099500000e+14 , 1.193959264491780000e+15 , 3.938285909323402000e+15 , 7.948535820098928000e+15 , 9.981335959202772000e+15 , 7.614876074941080000e+15 , 3.233221471093680000e+15 , 5.863857355857600000e+14 , 0.000000000000000000e+00 , 0.000000000000000000e+00 , 0.000000000000000000e+00 , 0.000000000000000000e+00 , 0.000000000000000000e+00 , 0.000000000000000000e+00 , 0.000000000000000000e+00 , 0.000000000000000000e+00
0.000000000000000000e+00 , 1.879873000000000000e+06 , 3.458630346000000000e+09 , 2.797816898220000000e+11 , 5.627006102704000000e+12 , 4.711310714796000000e+13 , 2.040393299377080000e+14 , 5.061311597923490000e+14 , 7.481324521455280000e+14 , 6.519897083814300000e+14 , 3.094097167303800000e+14 , 6.169820600658000000e+13 , 0.000000000000000000e+00 , 0.000000000000000000e+00 , 0.000000000000000000e+00 , 0.000000000000000000e+00 , 0.000000000000000000e+00 , 0.000000000000000000e+00 , 0.000000000000000000e+00 , 0.000000000000000000e+00 , 0.000000000000000000e+00
0.000000000000000000e+00 , 1.672260000000000000e+06 , 1.555522232000000000e+09 , 8.268589319100000000e+10 , 1.189914337044000000e+12 , 7.341862627825000000e+12 , 2.346883169914200000e+13 , 4.207105412577200000e+13 , 4.272726145196800000e+13 , 2.298181312675800000e+13 , 5.089855667500000000e+12 , 0.000000000000000000e+00 , 0.000000000000000000e+00 , 0.000000000000000000e+00 , 0.000000000000000000e+00 , 0.000000000000000000e+00 , 0.000000000000000000e+00 , 0.000000000000000000e+00 , 0.000000000000000000e+00 , 0.000000000000000000e+00 , 0.000000000000000000e+00
0.000000000000000000e+00 , 1.088846000000000000e+06 , 5.126383400000000000e+08 , 1.776792066000000000e+10 , 1.799485670760000000e+11 , 7.972829315400000000e+11 , 1.808323192062000000e+12 , 2.198165721290000000e+12 , 1.364220314248000000e+12 , 3.397878814770000000e+11 , 0.000000000000000000e+00 , 0.000000000000000000e+00 , 0.000000000000000000e+00 , 0.000000000000000000e+00 , 0.000000000000000000e+00 , 0.000000000000000000e+00 , 0.000000000000000000e+00 , 0.000000000000000000e+00 , 0.000000000000000000e+00 , 0.000000000000000000e+00 , 0.000000000000000000e+00
0.000000000000000000e+00 , 5.288320000000000000e+05 , 1.258400520000000000e+08 , 2.807650869000000000e+09 , 1.952895867600000000e+10 , 5.976829837500000000e+10 , 9.028188289800000000e+10 , 6.619733904000000000e+10 , 1.883755737600000000e+10 , 0.000000000000000000e+00 , 0.000000000000000000e+00 , 0.000000000000000000e+00 , 0.000000000000000000e+00 , 0.000000000000000000e+00 , 0.000000000000000000e+00 , 0.000000000000000000e+00 , 0.000000000000000000e+00 , 0.000000000000000000e+00 , 0.000000000000000000e+00 , 0.000000000000000000e+00 , 0.000000000000000000e+00
0.000000000000000000e+00 , 1.938770000000000000e+05 , 2.320803800000000000e+07 , 3.265342470000000000e+08 , 1.502710300000000000e+09 , 2.983703490000000000e+09 , 2.670795612000000000e+09 , 8.864441040000000000e+08 , 0.000000000000000000e+00 , 0.000000000000000000e+00 , 0.000000000000000000e+00 , 0.000000000000000000e+00 , 0.000000000000000000e+00 , 0.000000000000000000e+00 , 0.000000000000000000e+00 , 0.000000000000000000e+00 , 0.000000000000000000e+00 , 0.000000000000000000e+00 , 0.000000000000000000e+00 , 0.000000000000000000e+00 , 0.000000000000000000e+00
0.000000000000000000e+00 , 5.390900000000000000e+04 , 3.215962000000000000e+06 , 2.759797800000000000e+07 , 7.903456800000000000e+07 , 9.064335000000000000e+07 , 3.609169200000000000e+07 , 0.000000000000000000e+00 , 0.000000000000000000e+00 , 0.000000000000000000e+00 , 0.000000000000000000e+00 , 0.000000000000000000e+00 , 0.000000000000000000e+00 , 0.000000000000000000e+00 , 0.000000000000000000e+00 , 0.000000000000000000e+00 , 0.000000000000000000e+00 , 0.000000000000000000e+00 , 0.000000000000000000e+00 , 0.000000000000000000e+00 , 0.000000000000000000e+00
0.000000000000000000e+00 , 1.135200000000000000e+04 , 3.311760000000000000e+05 , 1.636965000000000000e+06 , 2.600976000000000000e+06 , 1.294125000000000000e+06 , 0.000000000000000000e+00 , 0.000000000000000000e+00 , 0.000000000000000000e+00 , 0.000000000000000000e+00 , 0.000000000000000000e+00 , 0.000000000000000000e+00 , 0.000000000000000000e+00 , 0.000000000000000000e+00 , 0.000000000000000000e+00 , 0.000000000000000000e+00 , 0.000000000000000000e+00 , 0.000000000000000000e+00 , 0.000000000000000000e+00 , 0.000000000000000000e+00 , 0.000000000000000000e+00
0.000000000000000000e+00 , 1.791000000000000000e+03 , 2.460600000000000000e+04 , 6.273600000000000000e+04 , 4.160000000000000000e+04 , 0.000000000000000000e+00 , 0.000000000000000000e+00 , 0.000000000000000000e+00 , 0.000000000000000000e+00 , 0.000000000000000000e+00 , 0.000000000000000000e+00 , 0.000000000000000000e+00 , 0.000000000000000000e+00 , 0.000000000000000000e+00 , 0.000000000000000000e+00 , 0.000000000000000000e+00 , 0.000000000000000000e+00 , 0.000000000000000000e+00 , 0.000000000000000000e+00 , 0.000000000000000000e+00 , 0.000000000000000000e+00
0.000000000000000000e+00 , 2.080000000000000000e+02 , 1.232000000000000000e+03 , 1.224000000000000000e+03 , 0.000000000000000000e+00 , 0.000000000000000000e+00 , 0.000000000000000000e+00 , 0.000000000000000000e+00 , 0.000000000000000000e+00 , 0.000000000000000000e+00 , 0.000000000000000000e+00 , 0.000000000000000000e+00 , 0.000000000000000000e+00 , 0.000000000000000000e+00 , 0.000000000000000000e+00 , 0.000000000000000000e+00 , 0.000000000000000000e+00 , 0.000000000000000000e+00 , 0.000000000000000000e+00 , 0.000000000000000000e+00 , 0.000000000000000000e+00
0.000000000000000000e+00 , 1.700000000000000000e+01 , 3.400000000000000000e+01 , 0.000000000000000000e+00 , 0.000000000000000000e+00 , 0.000000000000000000e+00 , 0.000000000000000000e+00 , 0.000000000000000000e+00 , 0.000000000000000000e+00 , 0.000000000000000000e+00 , 0.000000000000000000e+00 , 0.000000000000000000e+00 , 0.000000000000000000e+00 , 0.000000000000000000e+00 , 0.000000000000000000e+00 , 0.000000000000000000e+00 , 0.000000000000000000e+00 , 0.000000000000000000e+00 , 0.000000000000000000e+00 , 0.000000000000000000e+00 , 0.000000000000000000e+00
0.000000000000000000e+00 , 1.000000000000000000e+00 , 0.000000000000000000e+00 , 0.000000000000000000e+00 , 0.000000000000000000e+00 , 0.000000000000000000e+00 , 0.000000000000000000e+00 , 0.000000000000000000e+00 , 0.000000000000000000e+00 , 0.000000000000000000e+00 , 0.000000000000000000e+00 , 0.000000000000000000e+00 , 0.000000000000000000e+00 , 0.000000000000000000e+00 , 0.000000000000000000e+00 , 0.000000000000000000e+00 , 0.000000000000000000e+00 , 0.000000000000000000e+00 , 0.000000000000000000e+00 , 0.000000000000000000e+00 , 0.000000000000000000e+00
0.000000000000000000e+00 , 0.000000000000000000e+00 , 0.000000000000000000e+00 , 0.000000000000000000e+00 , 0.000000000000000000e+00 , 0.000000000000000000e+00 , 0.000000000000000000e+00 , 0.000000000000000000e+00 , 0.000000000000000000e+00 , 0.000000000000000000e+00 , 0.000000000000000000e+00 , 0.000000000000000000e+00 , 0.000000000000000000e+00 , 0.000000000000000000e+00 , 0.000000000000000000e+00 , 0.000000000000000000e+00 , 0.000000000000000000e+00 , 0.000000000000000000e+00 , 0.000000000000000000e+00 , 0.000000000000000000e+00 , 0.000000000000000000e+00
